"","peak_id","f_h_ratio","pvalue","p_adj_BH"
"1",2,1.04120948624735,0.590988694410546,0.896727927192228
"2",3,0.841704702771314,0.153331804171916,0.863187115782878
"3",5,0.896675544271486,0.283065915199174,0.882487742359328
"4",6,0.924362511850858,0.302300388362757,0.882487742359328
"5",7,0.920054245036703,0.29220144214398,0.882487742359328
"6",13,1.06982735475693,0.349997094465138,0.882487742359328
"7",21,0.940860501278086,0.385138239803013,0.882487742359328
"8",24,1.01849234123196,0.819663334386507,0.960187501107492
"9",25,1.32287002638242,0.0609802608671464,0.722772997595578
"10",27,0.990374876973934,0.891238968824559,0.985472013887305
"11",28,1.03773847734329,0.646034558672299,0.912803654841101
"12",29,1.11092058617607,0.141653703484729,0.863187115782878
"13",31,1.00831198030439,0.894339662820518,0.985472013887305
"14",32,0.866896935319126,0.248656162548489,0.882487742359328
"15",33,0.967791365344062,0.723317185705848,0.92927791679834
"16",34,1.0431538788562,0.589583461181562,0.896727927192228
"17",36,0.982679869199039,0.849638143921937,0.967216342730331
"18",37,1.00808325023661,0.932419220853683,0.990509313951452
"19",39,1.01087589591436,0.89233354009137,0.985472013887305
"20",40,0.991281519377351,0.936511058811334,0.990509313951452
"21",41,0.967037609682464,0.724121076365935,0.92927791679834
"22",42,0.981272802327732,0.83771283255883,0.960187501107492
"23",45,1.05733683847448,0.533943962816992,0.89417296087885
"24",46,1.00982600369539,0.902494681748609,0.989374274799088
"25",47,1.00147410038635,0.982129466122436,0.994344621237225
"26",48,0.987275266680941,0.904970390993064,0.9899335482046
"27",50,0.81626420072029,0.309678967092968,0.882487742359328
"28",52,1.13185884392011,0.141114177128802,0.863187115782878
"29",53,1.04184285620366,0.682773086766118,0.920938176751884
"30",54,1.0700572686745,0.444063335915385,0.882487742359328
"31",55,1.28783922628859,0.114360554379611,0.837857369479801
"32",56,1.05652875027579,0.602666252275347,0.903846179790178
"33",59,1.32196840085024,0.0542387815035982,0.716061818288615
"34",60,1.00126715527791,0.984819233700093,0.994344621237225
"35",62,1.03484633790236,0.750036193757439,0.942351378429095
"36",63,1.26124194677934,0.133227880673415,0.863187115782878
"37",65,1.02438091016577,0.762643090953021,0.942714091811601
"38",66,0.807906931515753,0.0285085361399267,0.641923446950196
"39",67,1.07661535892822,0.478113129618131,0.888655968132355
"40",68,0.814881364380983,0.0288184904300877,0.641923446950196
"41",69,1.07603172393429,0.499470962606893,0.893815179750811
"42",70,1.11231834616765,0.262010893226443,0.882487742359328
"43",72,1.07867947290613,0.458435449004609,0.883487393517601
"44",74,1.10214897286893,0.313033370885651,0.882487742359328
"45",81,1.62797790991916,0.00803824883294333,0.473053943257778
"46",83,0.958478189201234,0.63255794612274,0.912803654841101
"47",87,0.922885488621679,0.240538620476127,0.882487742359328
"48",91,1.05437289277498,0.824624778246778,0.960187501107492
"49",92,1.24311281704699,0.142160752206179,0.863187115782878
"50",96,1.02589328508035,0.7853071167712,0.951947901600712
"51",98,1.09335359235004,0.197024271589126,0.869361965186374
"52",99,1.07881532787808,0.304609994113438,0.882487742359328
"53",102,1.0350926750148,0.682749857154724,0.920938176751884
"54",103,0.9132258457585,0.393104765754739,0.882487742359328
"55",108,0.919198910853346,0.434951939142846,0.882487742359328
"56",109,0.973679784135477,0.705872522969182,0.92439657771459
"57",110,1.08416194448428,0.267486078438183,0.882487742359328
"58",114,0.92220520129693,0.312123497190127,0.882487742359328
"59",116,0.939670582834196,0.432672899625646,0.882487742359328
"60",118,1.1358083630564,0.200875101573367,0.869361965186374
"61",119,1.04022694412358,0.610420863306937,0.903846179790178
"62",121,0.931322981084791,0.372908736761594,0.882487742359328
"63",122,0.926488807879703,0.341152574794614,0.882487742359328
"64",123,1.12431696545505,0.234732778644163,0.882487742359328
"65",124,1.13060852076715,0.208586221802605,0.872294512329286
"66",125,0.933461652045585,0.385332406167274,0.882487742359328
"67",126,0.84117866769454,0.0714944183466824,0.742517898174541
"68",127,1.01415947381483,0.801852399564817,0.959020979290869
"69",130,0.86369931696673,0.504808870549922,0.89417296087885
"70",135,0.907096121108732,0.23172705919047,0.882487742359328
"71",137,0.968430198741955,0.733338505040639,0.933565752690624
"72",138,1.0731994591988,0.397459683804369,0.882487742359328
"73",139,1.18174069256956,0.165293191279158,0.863187115782878
"74",142,1.15654089753145,0.272331673611896,0.882487742359328
"75",143,1.013230076192,0.810155933163631,0.960187501107492
"76",144,0.918638292874297,0.227827859633894,0.882487742359328
"77",145,1.11465254025091,0.267522692029077,0.882487742359328
"78",146,1.10971759553267,0.285274035793104,0.882487742359328
"79",147,1.09338882302515,0.354493533066942,0.882487742359328
"80",148,1.02372048009365,0.66712510378617,0.918863216069615
"81",150,1.01334173215091,0.806941069214998,0.960187501107492
"82",151,1.16468818389131,0.175040970006261,0.86325979696001
"83",153,1.01571031221425,0.775872560957109,0.947896321221331
"84",154,1.02626749998882,0.647407451365525,0.913272223059927
"85",156,1.0149462366934,0.786220391681273,0.951947901600712
"86",160,1.07481090268622,0.441644786530457,0.882487742359328
"87",161,0.922440366042101,0.315213290814022,0.882487742359328
"88",162,1.02664920996426,0.643724163673334,0.912803654841101
"89",163,1.1576216488399,0.124407773328826,0.837857369479801
"90",164,1.15101208009484,0.133930471029722,0.863187115782878
"91",170,1.34661220954487,0.259066103525556,0.882487742359328
"92",173,1.10533374940392,0.28186846976164,0.882487742359328
"93",178,1.11961357784698,0.191054062772831,0.869361965186374
"94",180,0.942371993892218,0.385201385419161,0.882487742359328
"95",183,1.08530761419211,0.374176679770906,0.882487742359328
"96",185,1.55192802718234,0.0302120013437275,0.641923446950196
"97",186,1.09569742377341,0.317542519897062,0.882487742359328
"98",190,0.93125075689507,0.312771649314986,0.882487742359328
"99",191,0.948647747848822,0.422861215523695,0.882487742359328
"100",192,0.91025047787658,0.347591820422722,0.882487742359328
"101",194,0.831791718814979,0.113878540450015,0.837857369479801
"102",197,0.929537562947322,0.301841420879195,0.882487742359328
"103",200,1.06235814912186,0.525124074156874,0.89417296087885
"104",201,0.939409337136103,0.361970303607388,0.882487742359328
"105",202,0.962273535778214,0.551460157406669,0.89417296087885
"106",203,0.941205712866724,0.367967476176535,0.882487742359328
"107",204,0.945697745326883,0.399792468336652,0.882487742359328
"108",205,0.948073948606493,0.434266940312651,0.882487742359328
"109",208,0.946263954607186,0.401443990093203,0.882487742359328
"110",209,0.942627959748591,0.377124878699711,0.882487742359328
"111",212,0.944867859026721,0.396455642666717,0.882487742359328
"112",213,0.951721235989324,0.454269784250233,0.882487742359328
"113",219,1.0329667473969,0.728721497232211,0.931474621292058
"114",220,0.963481943543599,0.683445757654954,0.920938176751884
"115",222,0.983348151664823,0.7991626604952,0.957670050427603
"116",229,0.999937340745085,0.99945092240368,0.99945092240368
"117",234,1.25555167013089,0.441929450168968,0.882487742359328
"118",237,1.15482214839853,0.434764950695378,0.882487742359328
"119",243,1.2292685921094,0.299905678343265,0.882487742359328
"120",246,0.853724590894826,0.119207226788534,0.837857369479801
"121",247,0.985538866527478,0.873561561008093,0.981656900081283
"122",249,0.892284011577564,0.166309253094505,0.863187115782878
"123",250,1.1498105228941,0.0619299907466142,0.722772997595578
"124",251,1.31805071196161,0.242356427866246,0.882487742359328
"125",252,0.916524592609486,0.489175830034494,0.891524136406222
"126",255,1.23307207075368,0.261068265447956,0.882487742359328
"127",256,0.950152411371193,0.436394475222804,0.882487742359328
"128",258,0.957759039438131,0.487085775223827,0.890608022555164
"129",264,1.3171366491785,0.183653523528133,0.869361965186374
"130",266,1.03227537037029,0.808479206217434,0.960187501107492
"131",269,1.03301352918004,0.903568700754984,0.9899335482046
"132",270,1.11965999929363,0.537731235892224,0.89417296087885
"133",272,1.01050664677831,0.96702214447092,0.994344621237225
"134",274,1.5616828373044,0.0826787181656962,0.801433508609878
"135",275,1.35780421657857,0.160034667471298,0.863187115782878
"136",278,1.11834744836797,0.381965516809906,0.882487742359328
"137",282,1.06325354105946,0.370213282835131,0.882487742359328
"138",292,1.15222445425107,0.196030249395682,0.869361965186374
"139",294,0.924202481638941,0.403850594727391,0.882487742359328
"140",296,1.15018941028097,0.51217207403625,0.89417296087885
"141",297,1.12088587900188,0.0698378872902517,0.737221293361702
"142",302,1.04910202721168,0.568531690150856,0.896255335091503
"143",304,1.09229847164847,0.29585755074567,0.882487742359328
"144",305,1.01714249724324,0.849382735568901,0.967216342730331
"145",306,0.87585668407226,0.164573261517168,0.863187115782878
"146",309,1.24615102278096,0.155129980813971,0.863187115782878
"147",312,1.03825770312905,0.719645768952184,0.928549342500319
"148",313,1.0106118864394,0.940047655006012,0.990509313951452
"149",314,1.09744274194512,0.44535686553525,0.882487742359328
"150",315,1.04095026600952,0.697896404277807,0.923541822815508
"151",318,1.08588528809317,0.282350441621138,0.882487742359328
"152",321,1.32287002638242,0.0609802608671464,0.722772997595578
"153",324,1.09288522455927,0.472429728598673,0.888655968132355
"154",325,1.10044564300789,0.609888071050131,0.903846179790178
"155",327,1.12146895685785,0.322521957811047,0.882487742359328
"156",329,1.1356781859348,0.277706958816104,0.882487742359328
"157",332,0.989667765464591,0.918811999247055,0.990509313951452
"158",333,1.17529979973902,0.143463221080324,0.863187115782878
"159",334,1.01967395658268,0.848518646604047,0.967216342730331
"160",336,1.28783922628859,0.114360554379611,0.837857369479801
"161",337,1.34599441126234,0.0350297758515874,0.678566482733327
"162",338,1.36920841353398,0.00984038524191483,0.486581154462052
"163",340,1.06251475244872,0.553869663034865,0.894859068652203
"164",341,1.02175914277773,0.774827977575509,0.947852714755457
"165",345,1.05145136789274,0.578156916550077,0.896727927192228
"166",347,1.08493812564711,0.545870554071508,0.89417296087885
"167",348,1.12704765262631,0.413569394693152,0.882487742359328
"168",349,1.38775366660784,0.211850709936544,0.872294512329286
"169",350,1.06556998040189,0.523427110102538,0.89417296087885
"170",351,1.05782035961577,0.563072781563225,0.89501175298376
"171",352,1.06485108550745,0.519444051212568,0.89417296087885
"172",355,0.846862865560749,0.11757357082021,0.837857369479801
"173",356,0.996632309787337,0.969823592255766,0.994344621237225
"174",357,0.92002662429118,0.401380125698415,0.882487742359328
"175",359,1.01333903096762,0.876963061241992,0.982119438261279
"176",360,1.0104833304292,0.913874698763437,0.990509313951452
"177",362,1.10968682820658,0.233463337017693,0.882487742359328
"178",366,0.877050724396058,0.233920179644903,0.882487742359328
"179",368,0.949708847981561,0.427820028630178,0.882487742359328
"180",369,1.2052136116901,0.0212298667918497,0.604407874270993
"181",370,1.25294771881839,0.00799839811709347,0.473053943257778
"182",371,0.997276414038875,0.974474050136822,0.994344621237225
"183",372,1.00018304672496,0.998349948120161,0.998881550861439
"184",373,1.06267573072324,0.483234539796419,0.890608022555164
"185",374,1.02157473856381,0.802841937426577,0.959020979290869
"186",375,0.979766699632026,0.879455244331739,0.983628811963891
"187",376,0.856683886296616,0.0816653014033279,0.799214069462776
"188",377,0.879821808099078,0.15866673325937,0.863187115782878
"189",378,0.86492271768328,0.110484488823153,0.837857369479801
"190",381,1.00283358754662,0.97467949116424,0.994344621237225
"191",382,1.10804014130764,0.408868718426965,0.882487742359328
"192",384,1.11564520048894,0.379650242669438,0.882487742359328
"193",385,1.15333876435228,0.251734275905031,0.882487742359328
"194",386,0.96708260630119,0.7651304762951,0.942714091811601
"195",387,1.30684882716227,0.199406211779205,0.869361965186374
"196",388,1.35528965779648,0.105920975483805,0.829272970558627
"197",389,0.967792715432332,0.765698303178321,0.942714091811601
"198",390,0.91215359588057,0.493310519168816,0.893815179750811
"199",393,0.968064807811206,0.731160184537821,0.932263427626051
"200",394,1.00430624753502,0.957957043131917,0.993307351418544
"201",396,0.941627970911925,0.512963097612186,0.89417296087885
"202",397,0.957780146057933,0.644709904906369,0.912803654841101
"203",398,0.930923892826124,0.416623086683079,0.882487742359328
"204",399,0.880944606639916,0.247287423760127,0.882487742359328
"205",400,0.942150145555459,0.47475912800126,0.888655968132355
"206",402,0.809201972518666,0.104197696727305,0.829272970558627
"207",403,1.01344595438127,0.85621524112216,0.972101775268
"208",404,1.01943235828949,0.80002700699372,0.958094803149267
"209",405,1.01664882290187,0.860510392276885,0.972457343980633
"210",408,0.978451733973399,0.813362391304969,0.960187501107492
"211",410,1.16477046686477,0.103875766465198,0.829272970558627
"212",411,1.16749383805562,0.121623990664547,0.837857369479801
"213",412,1.16995411109442,0.123867908981562,0.837857369479801
"214",413,1.08982440012707,0.331435377215621,0.882487742359328
"215",419,0.907450929821825,0.302672881954399,0.882487742359328
"216",420,0.91499488082776,0.29810752718159,0.882487742359328
"217",421,0.944560115199421,0.497623213955827,0.893815179750811
"218",422,0.9403446160194,0.518396117277923,0.89417296087885
"219",423,1.06211705125988,0.529869585553755,0.89417296087885
"220",424,0.911770085030015,0.288524818685267,0.882487742359328
"221",425,0.912626856185862,0.290556217358335,0.882487742359328
"222",426,1.01499411666003,0.850464203142137,0.96732580974823
"223",427,0.81498740503257,0.0709393366926619,0.742517898174541
"224",433,0.965088491457186,0.715699477837983,0.925532910431913
"225",437,0.986626881823093,0.885965473004998,0.983762170507927
"226",440,0.888038183869926,0.190583598688585,0.869361965186374
"227",441,1.03719905415891,0.68860800434766,0.921520824558453
"228",442,1.04403648573248,0.783860425321172,0.951947901600712
"229",443,1.03332755834678,0.730142408570819,0.932022816375386
"230",446,0.946578624752985,0.672496182500776,0.919345379905611
"231",447,0.996047966128789,0.966384016857659,0.994344621237225
"232",448,0.89773384060977,0.161177636713473,0.863187115782878
"233",449,0.954669070000164,0.572393221669031,0.896727927192228
"234",450,1.21783932033022,0.260689775756604,0.882487742359328
"235",451,1.19041304893666,0.047389283737377,0.716061818288615
"236",452,1.0431538788562,0.589583461181562,0.896727927192228
"237",453,0.946334980177938,0.608974526758001,0.903846179790178
"238",454,1.13314739290391,0.166442044778869,0.863187115782878
"239",455,0.884074470507097,0.181633524362396,0.869361965186374
"240",456,0.850202727887973,0.144708708883722,0.863187115782878
"241",457,0.863299527082996,0.253111709816703,0.882487742359328
"242",458,0.979482250793692,0.837336153708344,0.960187501107492
"243",459,0.959773875183417,0.694846486014737,0.923098160222832
"244",460,1.07274057754479,0.432144740212505,0.882487742359328
"245",461,0.928903668237754,0.403619986519524,0.882487742359328
"246",462,0.875759212647748,0.248172398877148,0.882487742359328
"247",463,1.07284440974219,0.401112715995916,0.882487742359328
"248",464,0.864794484554681,0.219480173656828,0.882487742359328
"249",467,1.205909170728,0.00775431747422352,0.473053943257778
"250",468,1.33398602935905,0.222929076737438,0.882487742359328
"251",469,0.961868522058003,0.520230518819367,0.89417296087885
"252",470,0.966828463662067,0.571558496033232,0.896727927192228
"253",473,0.816274412080841,0.309688831984632,0.882487742359328
"254",476,1.11742536459678,0.33252033789105,0.882487742359328
"255",477,1.05056993182668,0.58612798525386,0.896727927192228
"256",478,0.95590318787595,0.48356305404811,0.890608022555164
"257",480,1.09784387867719,0.368528228351091,0.882487742359328
"258",481,1.11874370570051,0.282390796052625,0.882487742359328
"259",482,0.854218697983444,0.185567719608403,0.869361965186374
"260",483,1.09862199684947,0.310791047515146,0.882487742359328
"261",484,0.907096121108732,0.23172705919047,0.882487742359328
"262",485,0.839968961200094,0.140681781526531,0.863187115782878
"263",486,0.839725540585923,0.0462859335127535,0.716061818288615
"264",487,0.870258788470815,0.178597348875466,0.869361965186374
"265",488,0.940697599363453,0.518536540392052,0.89417296087885
"266",490,0.997080935671831,0.979745735186869,0.994344621237225
"267",491,0.822707200941719,0.0200639320505501,0.58906450504662
"268",492,0.820432762347689,0.0171337396935,0.58906450504662
"269",493,1.12304637900987,0.157307391191781,0.863187115782878
"270",494,1.28855361371552,0.317927719936906,0.882487742359328
"271",495,1.27446285281804,0.172522760803096,0.863187115782878
"272",497,1.09269203843082,0.271982015421965,0.882487742359328
"273",499,1.13658747712079,0.142200918624883,0.863187115782878
"274",500,1.08565199787665,0.311818389197124,0.882487742359328
"275",501,1.1120436911721,0.202197001446484,0.869400836883166
"276",502,1.10194871463183,0.339500836180163,0.882487742359328
"277",504,1.24553391695657,0.19627171053881,0.869361965186374
"278",505,1.12245729470655,0.215515533979976,0.876523134953194
"279",506,1.11337073765868,0.258163562206374,0.882487742359328
"280",507,0.952926307676598,0.567735215710704,0.896255335091503
"281",511,0.886226327557918,0.171436113298008,0.863187115782878
"282",513,0.790718086601358,0.274938988289134,0.882487742359328
"283",516,0.965411354527691,0.589245117335586,0.896727927192228
"284",517,0.75426760272843,0.00101597910095999,0.358985325845245
"285",518,0.729604647953858,0.000639812759165344,0.358985325845245
"286",520,0.893526323576816,0.233253107853369,0.882487742359328
"287",521,1.02820711029916,0.748149864360578,0.942351378429095
"288",526,1.04514175593065,0.408728506223813,0.882487742359328
"289",527,0.864779399357126,0.0912699345466047,0.808944372703161
"290",528,1.12884929241368,0.0325233157963053,0.671552861332501
"291",530,1.05995826903504,0.415027550018495,0.882487742359328
"292",532,1.04250448261491,0.576602316950279,0.896727927192228
"293",534,0.872418072891127,0.11255727479225,0.837857369479801
"294",536,1.00795005827424,0.884914277676533,0.983762170507927
"295",537,1.13089781991714,0.222212377769302,0.882487742359328
"296",540,1.26884213381722,0.160359356554029,0.863187115782878
"297",542,1.23194376680841,0.260949232160657,0.882487742359328
"298",543,1.24838090776014,0.095624077768292,0.826136860371351
"299",557,0.996289831614147,0.960633740867329,0.993837556267058
"300",562,0.958658979335576,0.573210793503987,0.896727927192228
"301",563,1.19506016992957,0.0630504360155871,0.731307217736346
"302",564,1.0667024118276,0.644077572729647,0.912803654841101
"303",566,0.967998918062961,0.637461584989824,0.912803654841101
"304",567,0.970973188285076,0.67324068267702,0.919345379905611
"305",570,0.910664134755441,0.540575716799317,0.89417296087885
"306",571,0.892545424929551,0.454991395702443,0.882487742359328
"307",575,0.996836167734597,0.967683640062333,0.994344621237225
"308",576,0.919214861835503,0.342637268950508,0.882487742359328
"309",577,1.53985504389936,0.0617751061443071,0.722772997595578
"310",579,1.04055647049685,0.661277297322006,0.917168722757335
"311",580,1.05198571987738,0.612444245961422,0.905733194037372
"312",584,1.20118084438989,0.0340915068427543,0.674294119553004
"313",585,1.02110173563237,0.769154585647256,0.945220056527922
"314",587,1.03384913879467,0.679807635094407,0.920938176751884
"315",588,1.06026276884094,0.483638210823544,0.890608022555164
"316",590,1.1298640097917,0.301791997456515,0.882487742359328
"317",594,0.982651451770224,0.826468700425187,0.960187501107492
"318",597,0.985088029624904,0.791644180003865,0.952221528895454
"319",598,0.91847025972942,0.627207039883713,0.912803654841101
"320",600,0.995764356342011,0.96417735984213,0.994344621237225
"321",604,0.998432525293446,0.984457660044918,0.994344621237225
"322",607,0.940221490297698,0.379491607138768,0.882487742359328
"323",613,1.21929120663236,0.254662272308129,0.882487742359328
"324",616,1.08464227196003,0.711447471208333,0.92466074603127
"325",619,1.03913054922755,0.590613468093602,0.896727927192228
"326",620,1.24839461435588,0.224966630017813,0.882487742359328
"327",621,1.06724740907213,0.472735567574582,0.888655968132355
"328",622,0.989735570208066,0.949165278173691,0.993307351418544
"329",626,1.09398394885152,0.442317993208374,0.882487742359328
"330",631,0.956281424367595,0.753420971710517,0.942714091811601
"331",632,1.15314357941032,0.244527877598967,0.882487742359328
"332",633,1.22940394599356,0.276772018672729,0.882487742359328
"333",635,1.0763106029748,0.375111523475359,0.882487742359328
"334",637,1.17045780641806,0.104079614214089,0.829272970558627
"335",639,1.06325354105946,0.370213282835131,0.882487742359328
"336",640,1.41448924520288,0.105784363504769,0.829272970558627
"337",643,1.09737780999484,0.210794486580309,0.872294512329286
"338",644,1.0200829069238,0.771642595475832,0.946596068742317
"339",647,1.19584595755038,0.128954672085694,0.859240527833399
"340",648,1.0624793447996,0.44273505656842,0.882487742359328
"341",649,1.09636163956735,0.456147091556271,0.882487742359328
"342",651,1.09288522455927,0.472429728598673,0.888655968132355
"343",652,1.05757688882808,0.462032419292286,0.885876444745108
"344",658,1.24677892421492,0.339210380991679,0.882487742359328
"345",663,1.00023132675312,0.99786456085353,0.998881550861439
"346",666,1.13235642790334,0.141947755272062,0.863187115782878
"347",667,1.18366796482812,0.450450381017658,0.882487742359328
"348",669,1.0106118864394,0.940047655006012,0.990509313951452
"349",670,1.37592428037376,0.100259431009969,0.829272970558627
"350",671,1.11069014181721,0.372040997401571,0.882487742359328
"351",674,1.01770624172293,0.860715438880721,0.972457343980633
"352",675,0.983970926220192,0.907187805137746,0.990509313951452
"353",677,1.12468404542039,0.173648073318748,0.863187115782878
"354",678,0.865109708180603,0.113890124795636,0.837857369479801
"355",680,1.19224842522443,0.212154652546293,0.872294512329286
"356",685,1.00059627457568,0.99437942293043,0.998881550861439
"357",686,0.899616553036693,0.236093657736162,0.882487742359328
"358",687,1.32283007704975,0.00879111755867103,0.485838526257143
"359",688,1.11171201371069,0.255971856714069,0.882487742359328
"360",689,0.931395567465596,0.430772588625881,0.882487742359328
"361",691,1.04743162618157,0.530586909926834,0.89417296087885
"362",696,1.49416605377352,0.0837841341676472,0.803030750772879
"363",698,1.18987136696895,0.0771379354354609,0.771365139366973
"364",700,1.20531085532619,0.291970896299586,0.882487742359328
"365",701,0.99286023480048,0.93145540438436,0.990509313951452
"366",705,0.997963654902638,0.978762190468321,0.994344621237225
"367",706,1.093754147866,0.309550321530525,0.882487742359328
"368",708,0.9255452211731,0.396531285574681,0.882487742359328
"369",709,1.11237911330829,0.559544280371493,0.89501175298376
"370",710,1.14902276869588,0.151268833212771,0.863187115782878
"371",712,1.56002543221948,0.00414920334692111,0.45860900522734
"372",719,0.95973768269473,0.646458579138689,0.912803654841101
"373",720,1.20186931479104,0.065539071182262,0.732027505704201
"374",723,0.971897453327812,0.758323305366808,0.942714091811601
"375",725,1.0633981195154,0.39181613715389,0.882487742359328
"376",727,1.08463755221539,0.417866338896085,0.882487742359328
"377",728,1.07537535872688,0.468696568281569,0.888655968132355
"378",730,1.24423860566614,0.0442520124741076,0.716061818288615
"379",736,1.46096418168163,0.0691607609002119,0.736986430325333
"380",738,1.28224820396265,0.0268143836845595,0.637775024598573
"381",743,1.07913049442524,0.340428667791511,0.882487742359328
"382",746,0.979726234022604,0.826586049535519,0.960187501107492
"383",748,1.12681759957694,0.563501662206999,0.89501175298376
"384",749,1.35202310601642,0.124119410352974,0.837857369479801
"385",751,1.04859205540752,0.527805017426595,0.89417296087885
"386",752,1.47316193366149,0.0685290519309568,0.736986430325333
"387",753,1.11119644439682,0.155877058489169,0.863187115782878
"388",757,1.21247188221297,0.124346398138175,0.837857369479801
"389",759,1.12290484688299,0.541221233347781,0.89417296087885
"390",761,1.15816229988759,0.0850178146628679,0.803030750772879
"391",766,1.10595329875,0.395631034441388,0.882487742359328
"392",770,1.02020929679439,0.812586891266855,0.960187501107492
"393",773,0.916332771486705,0.507075358368311,0.89417296087885
"394",774,1.11868495286277,0.596695696989472,0.900555192484513
"395",775,1.10226843619222,0.33633030493395,0.882487742359328
"396",779,0.997867737300001,0.98178996142477,0.994344621237225
"397",783,1.00049642365776,0.996408248521786,0.998881550861439
"398",785,0.980632675412123,0.827524538366844,0.960187501107492
"399",790,1.03292022862664,0.685506230768498,0.921415492249543
"400",795,1.21474750299272,0.228772162380121,0.882487742359328
"401",796,1.0047611668649,0.974867428890668,0.994344621237225
"402",797,0.994360472120163,0.970363045677876,0.994344621237225
"403",799,1.11825736775255,0.170771284677307,0.863187115782878
"404",801,1.10604493124,0.40742495967592,0.882487742359328
"405",804,1.19771312632775,0.158848974554019,0.863187115782878
"406",805,1.08730514310671,0.660836572603579,0.917168722757335
"407",808,1.01906257864328,0.914854240262587,0.990509313951452
"408",812,1.00463350930219,0.975976884764013,0.994344621237225
"409",813,0.959483598555981,0.691535069718769,0.921520824558453
"410",818,1.08099940551795,0.354331632181211,0.882487742359328
"411",819,1.1752504559404,0.297043598365538,0.882487742359328
"412",823,1.07157735710176,0.373258127775842,0.882487742359328
"413",826,1.02977143794895,0.794551140921391,0.953969069515204
"414",827,1.03345606838937,0.5527667438562,0.89417296087885
"415",830,0.966607985619842,0.791282744357923,0.952221528895454
"416",831,1.02449952114401,0.671454181248856,0.919345379905611
"417",832,1.02639754473069,0.692901198442319,0.921520824558453
"418",834,0.924950610473209,0.507375683268773,0.89417296087885
"419",837,1.13361206480426,0.430194206452625,0.882487742359328
"420",842,1.07145849936691,0.387266005244737,0.882487742359328
"421",843,1.07452216101945,0.373300276769596,0.882487742359328
"422",845,1.48872964121819,0.000863321117218027,0.358985325845245
"423",846,0.939360879967569,0.361634447037631,0.882487742359328
"424",849,1.12629701593577,0.149415795153864,0.863187115782878
"425",850,0.911387310861064,0.493361479381686,0.893815179750811
"426",852,0.882885720013946,0.335570699197874,0.882487742359328
"427",855,1.08028883762525,0.499019455127683,0.893815179750811
"428",861,1.14982510771312,0.244306467049943,0.882487742359328
"429",868,0.995957998704691,0.958340834014199,0.993307351418544
"430",877,0.90447512979506,0.249857319612303,0.882487742359328
"431",878,1.07819118532132,0.461609513227177,0.885876444745108
"432",885,0.988536318052784,0.84076388508705,0.961530943444046
"433",891,1.33026185794938,0.193029888743706,0.869361965186374
"434",895,1.16033787229954,0.344003311060048,0.882487742359328
"435",896,0.985983412148364,0.909961120782716,0.990509313951452
"436",897,1.07512350605215,0.656846292292158,0.917168722757335
"437",898,1.07601187244213,0.381406705858475,0.882487742359328
"438",901,1.04942416780455,0.560288740729043,0.89501175298376
"439",902,1.54731371776225,0.105650684672062,0.829272970558627
"440",904,1.06589370491828,0.398055128918845,0.882487742359328
"441",905,0.881642299121098,0.331703949703665,0.882487742359328
"442",906,1.16549418175087,0.0488688249561876,0.716061818288615
"443",909,1.28716749830876,0.155515072173807,0.863187115782878
"444",910,1.41029071566374,0.173142652608725,0.863187115782878
"445",916,0.988287639569245,0.917163007326184,0.990509313951452
"446",919,1.02137828794809,0.747295902284922,0.942351378429095
"447",929,0.975251332612757,0.731323199744971,0.932263427626051
"448",934,0.838507983079246,0.293495885241086,0.882487742359328
"449",935,1.23736956292698,0.221262196103076,0.882487742359328
"450",939,1.21315378433798,0.298707767631164,0.882487742359328
"451",940,0.951919782268195,0.577548111826763,0.896727927192228
"452",948,0.865409132588259,0.0758961734727901,0.76671456965254
"453",950,1.08556971496248,0.329541337546555,0.882487742359328
"454",951,1.04002560598755,0.531030229359691,0.89417296087885
"455",953,0.951696088897812,0.44701894728376,0.882487742359328
"456",955,1.03847089984962,0.541779566572546,0.89417296087885
"457",956,1.10646500913693,0.166382255281568,0.863187115782878
"458",961,1.07156882403324,0.572514986927272,0.896727927192228
"459",962,0.924145415928522,0.479975651113532,0.888655968132355
"460",963,1.01140129318032,0.88416229308069,0.983762170507927
"461",964,1.068151177706,0.600432408186083,0.903292630089391
"462",967,0.93341558293183,0.546546259500997,0.89417296087885
"463",974,1.0276238311984,0.678862087726265,0.920938176751884
"464",976,1.20248742488345,0.247266059324492,0.882487742359328
"465",979,1.22276370983183,0.201262615676462,0.869361965186374
"466",985,0.955143567840727,0.46838665447688,0.888655968132355
"467",987,0.910779742546733,0.454565923017778,0.882487742359328
"468",988,0.942324332428783,0.46854831795337,0.888655968132355
"469",994,1.05127983649793,0.602855095522186,0.903846179790178
"470",995,1.03469073229044,0.64537458182523,0.912803654841101
"471",996,0.955891929581288,0.511757795979389,0.89417296087885
"472",997,0.960460717719523,0.543670891632835,0.89417296087885
"473",1000,1.01796491489733,0.82245735702175,0.960187501107492
"474",1007,1.01643295005362,0.896615159553867,0.985472013887305
"475",1009,1.05654440904581,0.532350119844321,0.89417296087885
"476",1011,1.02331478933728,0.753240038032845,0.942714091811601
"477",1012,0.924560412755043,0.42221536073002,0.882487742359328
"478",1014,1.01914020115942,0.794542214634223,0.953969069515204
"479",1023,0.973090813458693,0.63844952171462,0.912803654841101
"480",1031,1.12923332349621,0.200820095566354,0.869361965186374
"481",1043,0.985427473093131,0.885061161743274,0.983762170507927
"482",1044,1.16158123298533,0.154320002090725,0.863187115782878
"483",1054,1.19107597697687,0.315223061522673,0.882487742359328
"484",1059,1.17999514657334,0.45987464717738,0.885352932424485
"485",1063,1.26854485056396,0.3249319380817,0.882487742359328
"486",1066,0.884055629795323,0.24031946184622,0.882487742359328
"487",1068,0.968582804991627,0.786541463335208,0.951947901600712
"488",1073,1.0161271266355,0.883561884746746,0.983762170507927
"489",1074,1.13611033245198,0.117312612087802,0.837857369479801
"490",1075,1.14557642827344,0.139854423997085,0.863187115782878
"491",1092,1.11828262982388,0.382250776596814,0.882487742359328
"492",1101,1.05330222115678,0.448376772311987,0.882487742359328
"493",1109,1.00989910212943,0.899208590556242,0.986923447228493
"494",1110,1.04149539737726,0.552969122161375,0.89417296087885
"495",1111,1.0303575261939,0.652526485405175,0.917168722757335
"496",1113,1.2321068696316,0.0238289243402422,0.63062744838472
"497",1123,1.239762848984,0.409258971686959,0.882487742359328
"498",1126,1.03655129154794,0.643034047537945,0.912803654841101
"499",1140,0.95170799833785,0.44588892479026,0.882487742359328
"500",1142,1.02896980145608,0.751424443257663,0.942541074019459
"501",1157,1.04176942978947,0.609168117349093,0.903846179790178
"502",1162,0.865109708180603,0.113890124795636,0.837857369479801
"503",1164,0.976621398182978,0.735276582364468,0.935399254070979
"504",1169,1.03913054922755,0.590613468093602,0.896727927192228
"505",1176,1.18244159749851,0.0255466782092578,0.631608004673624
"506",1178,1.01726515006543,0.857650750723831,0.972457343980633
"507",1179,1.18214527637652,0.174149302997848,0.86325979696001
"508",1180,1.20541521356738,0.10317465223001,0.829272970558627
"509",1188,1.07625090784054,0.375521392355466,0.882487742359328
"510",1198,1.06092926801548,0.399567523485951,0.882487742359328
"511",1200,1.09725199727737,0.211448623500435,0.872294512329286
"512",1211,1.0667024118276,0.644077572729647,0.912803654841101
"513",1214,1.10978819041377,0.1626659074988,0.863187115782878
"514",1223,1.03401160662317,0.723079602630802,0.92927791679834
"515",1226,0.800672811799044,0.09297160475618,0.816325445499356
"516",1227,1.00987142262467,0.908323781316992,0.990509313951452
"517",1231,0.832258751118203,0.14608474375262,0.863187115782878
"518",1232,0.89799029313233,0.425277624049451,0.882487742359328
"519",1233,0.904382260160088,0.391138731705465,0.882487742359328
"520",1234,0.901724215747804,0.460987643511254,0.8856807588524
"521",1236,0.924601306688088,0.543791866693512,0.89417296087885
"522",1237,0.919852725053765,0.506443998150065,0.89417296087885
"523",1244,0.953607059018236,0.456977420604378,0.882487742359328
"524",1248,1.01967395658268,0.848518646604047,0.967216342730331
"525",1250,1.33398602935905,0.222929076737438,0.882487742359328
"526",1251,1.14673484507022,0.496074322149494,0.893815179750811
"527",1252,0.989667765464591,0.918811999247055,0.990509313951452
"528",1254,1.05943976302416,0.582904235984004,0.896727927192228
"529",1258,0.843249258255945,0.0890918823744397,0.808366868563858
"530",1259,0.92381030559683,0.537866403010504,0.89417296087885
"531",1261,1.15476700717897,0.526586217092816,0.89417296087885
"532",1262,0.971067308402821,0.787294858481908,0.951947901600712
"533",1264,1.18984303104708,0.0771775658334172,0.771365139366973
"534",1268,0.962780924933409,0.761451966534111,0.942714091811601
"535",1273,1.25522466117893,0.290922674256965,0.882487742359328
"536",1274,0.995724046013202,0.952302717893956,0.993307351418544
"537",1275,1.22719770925388,0.389118901683878,0.882487742359328
"538",1277,1.00349508383088,0.965834248223755,0.994344621237225
"539",1289,0.746178556983205,0.0191273621313717,0.58906450504662
"540",1291,1.04055647049685,0.661277297322006,0.917168722757335
"541",1303,1.33406552763684,0.0855125141479948,0.803030750772879
"542",1304,1.20186630418444,0.0450189003693007,0.716061818288615
"543",1307,1.11146962431539,0.576169418153187,0.896727927192228
"544",1320,0.709525837915421,0.00358506122516823,0.45860900522734
"545",1326,0.991276414438371,0.94550455271676,0.991961504497372
"546",1328,1.11489058784023,0.303027881308409,0.882487742359328
"547",1330,1.02603092319805,0.717940191900977,0.927154378406829
"548",1331,1.25232950824339,0.297951220106974,0.882487742359328
"549",1335,1.13613561111164,0.348900156835974,0.882487742359328
"550",1336,1.18161459646397,0.157677480101163,0.863187115782878
"551",1340,0.952658908416071,0.684624329305216,0.921415492249543
"552",1342,1.01959002857153,0.782407885957615,0.951947901600712
"553",1349,1.1025255828329,0.514598683472893,0.89417296087885
"554",1351,1.07990940691764,0.274729588737732,0.882487742359328
"555",1352,1.0807435052298,0.272109285317276,0.882487742359328
"556",1353,1.09470795652701,0.24565267896815,0.882487742359328
"557",1355,0.944866833904642,0.388517876691239,0.882487742359328
"558",1356,0.935101786066679,0.414041126090193,0.882487742359328
"559",1360,0.802038437109926,0.0385334816903358,0.709847177413147
"560",1364,1.22935596529898,0.271444018088022,0.882487742359328
"561",1365,1.14885663090797,0.0483178908887401,0.716061818288615
"562",1368,1.15500014059847,0.348409809685441,0.882487742359328
"563",1370,1.0473847042946,0.715268559762162,0.925532910431913
"564",1371,1.19285785506614,0.181026932025037,0.869361965186374
"565",1372,1.12396860786173,0.373068063468016,0.882487742359328
"566",1374,1.18255222288421,0.456262673025927,0.882487742359328
"567",1376,1.09608645405091,0.273083940207313,0.882487742359328
"568",1378,1.21474750299272,0.228772162380121,0.882487742359328
"569",1379,1.02321531778522,0.790350389941059,0.952000977819518
"570",1382,1.06542501104707,0.608230457541109,0.903846179790178
"571",1386,0.885661355585659,0.34337577715705,0.882487742359328
"572",1390,0.866257529788875,0.198414223453436,0.869361965186374
"573",1391,1.20186931479104,0.065539071182262,0.732027505704201
"574",1393,1.27039061244045,0.196293851784472,0.869361965186374
"575",1395,1.03559394291607,0.725384906030206,0.929510391047544
"576",1396,1.5259546500938,0.0431483577326888,0.716061818288615
"577",1399,0.772001499208632,0.0207541997756444,0.599956021206704
"578",1404,1.0242189412038,0.813746674273551,0.960187501107492
"579",1405,1.29378245241538,0.053042576388939,0.716061818288615
"580",1407,1.17045780641806,0.104079614214089,0.829272970558627
"581",1408,1.06556998040189,0.523427110102538,0.89417296087885
"582",1411,1.27415465699714,0.0981556589042583,0.829272970558627
"583",1413,1.05782035961577,0.563072781563225,0.89501175298376
"584",1415,0.974276240355913,0.691984485162349,0.921520824558453
"585",1417,1.01047105414938,0.912938319803463,0.990509313951452
"586",1418,1.13653570642276,0.362730850384401,0.882487742359328
"587",1420,0.98692199527252,0.918274173589997,0.990509313951452
"588",1425,0.998432525293446,0.984457660044918,0.994344621237225
"589",1426,1.03515130955068,0.746423251979041,0.942351378429095
"590",1433,1.23312776215186,0.257769204274519,0.882487742359328
"591",1434,1.24423860566614,0.0442520124741076,0.716061818288615
"592",1435,1.15733985888782,0.391749145179861,0.882487742359328
"593",1437,1.01910073734777,0.847920187669907,0.967216342730331
"594",1438,1.25208850518726,0.090868158654624,0.808944372703161
"595",1440,1.55746448710398,0.00959831795230035,0.486581154462052
"596",1441,0.797052049185597,0.0164351215126873,0.58906450504662
"597",1442,0.898116352826751,0.162601505185407,0.863187115782878
"598",1449,1.15549532969711,0.263094792847308,0.882487742359328
"599",1454,1.15096096863069,0.332309262978556,0.882487742359328
"600",1455,0.949979235597759,0.434588820279553,0.882487742359328
"601",1459,1.14902276869588,0.151268833212771,0.863187115782878
"602",1460,1.21929120663236,0.254662272308129,0.882487742359328
"603",1468,1.20878113071928,0.270093838683854,0.882487742359328
"604",1471,1.17490622774123,0.166757619441133,0.863187115782878
"605",1472,1.06081750592324,0.81700823557204,0.960187501107492
"606",1478,0.91209745701523,0.497119348723425,0.893815179750811
"607",1479,1.13379315595678,0.151663595909237,0.863187115782878
"608",1481,1.22963409253677,0.214457674166155,0.875152914324929
"609",1486,1.145654063468,0.210589763598611,0.872294512329286
"610",1487,0.979561647837394,0.825422224786986,0.960187501107492
"611",1488,1.37592428037376,0.100259431009969,0.829272970558627
"612",1491,1.24839461435588,0.224966630017813,0.882487742359328
"613",1495,1.04881453367987,0.675944670925544,0.920938176751884
"614",1499,1.1320033407455,0.217700967985818,0.88159508371843
"615",1501,1.19455903307342,0.339633873281946,0.882487742359328
"616",1502,1.08172120417552,0.620757981212103,0.912679379262552
"617",1503,1.21379101976333,0.318310158055994,0.882487742359328
"618",1508,0.976733387974307,0.825710919141089,0.960187501107492
"619",1509,0.943150225618738,0.587494334649623,0.896727927192228
"620",1510,0.932924349953855,0.428107169401246,0.882487742359328
"621",1511,1.35221818635684,0.134297324721511,0.863187115782878
"622",1512,0.917622086116839,0.536077756080813,0.89417296087885
"623",1513,1.08284207635101,0.522012565205934,0.89417296087885
"624",1514,0.824358615821161,0.0966130407231123,0.826136860371351
"625",1515,1.11163603460518,0.327346360763497,0.882487742359328
"626",1517,1.10968682820658,0.233463337017693,0.882487742359328
"627",1520,1.21872315195187,0.049898398967148,0.716061818288615
"628",1521,0.780438103893656,0.0530174088363118,0.716061818288615
"629",1523,1.04916165870704,0.561290685773855,0.89501175298376
"630",1525,1.20308152039847,0.241514592997388,0.882487742359328
"631",1526,0.760856408138249,0.0307467324244373,0.641923446950196
"632",1527,1.09819464619317,0.391741952483253,0.882487742359328
"633",1529,0.878231119448786,0.211191160371137,0.872294512329286
"634",1530,1.06129752363514,0.638341480972916,0.912803654841101
"635",1531,1.11382783987545,0.324268424929763,0.882487742359328
"636",1533,1.06247325515937,0.656519950326533,0.917168722757335
"637",1534,1.19829915470083,0.0648688237969411,0.732027505704201
"638",1538,1.16645505142909,0.337831603204717,0.882487742359328
"639",1541,1.12348534747655,0.228723153919306,0.882487742359328
"640",1542,0.716897858267399,0.00764286145253157,0.473053943257778
"641",1546,1.1153264020815,0.264893876051718,0.882487742359328
"642",1547,1.11526293306075,0.283890800494313,0.882487742359328
"643",1548,0.972232039429421,0.800864764171333,0.958487192278939
"644",1550,1.25943954513769,0.184298374544271,0.869361965186374
"645",1551,1.31873068617484,0.161986095007347,0.863187115782878
"646",1552,1.04197447722394,0.670010734689196,0.919345379905611
"647",1553,1.19351879568736,0.300968829378154,0.882487742359328
"648",1554,1.06026276884094,0.483638210823544,0.890608022555164
"649",1555,1.12605521725612,0.470063397636937,0.888655968132355
"650",1556,0.988893512642924,0.939103189917496,0.990509313951452
"651",1558,1.0214070440509,0.775670470666503,0.947896321221331
"652",1559,0.901677891187337,0.302385488996136,0.882487742359328
"653",1560,1.10687348260903,0.661821422751258,0.917168722757335
"654",1561,1.06619241802187,0.44379021154576,0.882487742359328
"655",1563,1.27318349675767,0.179271895946639,0.869361965186374
"656",1565,1.18068325279503,0.513613825994138,0.89417296087885
"657",1570,1.17313088234817,0.142267406107877,0.863187115782878
"658",1573,1.02681795320159,0.81768041077223,0.960187501107492
"659",1575,0.886546798302883,0.361721571047716,0.882487742359328
"660",1585,0.880159366543134,0.233973952093082,0.882487742359328
"661",1586,1.1166510983766,0.308033682191534,0.882487742359328
"662",1587,1.33912870113431,0.125110884810417,0.83958340199562
"663",1589,1.02257117083477,0.796417291796434,0.954989209499361
"664",1600,1.06401391708662,0.494268462265103,0.893815179750811
"665",1601,1.34494464777923,0.0245791221123857,0.631608004673624
"666",1603,1.17059289473956,0.273424742238882,0.882487742359328
"667",1619,1.13350931935134,0.124230051296658,0.837857369479801
"668",1622,1.13273000904821,0.487582119220494,0.890608022555164
"669",1624,1.01906257864328,0.914854240262587,0.990509313951452
"670",1627,0.952576193419014,0.576180595224476,0.896727927192228
"671",1628,1.39860533440423,0.0531373457591901,0.716061818288615
"672",1631,0.961032662372642,0.556993429508787,0.89501175298376
"673",1636,0.891801900659161,0.294331030985253,0.882487742359328
"674",1647,0.962885519633813,0.663748141766713,0.917168722757335
"675",1648,0.877152741704993,0.312884504479262,0.882487742359328
"676",1652,1.12032993053351,0.318324393319886,0.882487742359328
"677",1653,1.29980803668187,0.0719203073271774,0.742517898174541
"678",1664,0.97283540161019,0.664324976941316,0.917168722757335
"679",1665,1.00132074310812,0.98740434098892,0.995350191372415
"680",1669,1.09328133537381,0.312133956221636,0.882487742359328
"681",1670,0.966917049212314,0.605406203933031,0.903846179790178
"682",1671,1.06485108550745,0.519444051212568,0.89417296087885
"683",1672,0.966625917114901,0.602348680035781,0.903846179790178
"684",1674,0.872932503645026,0.151887697187579,0.863187115782878
"685",1676,0.960602412192519,0.55030071666,0.89417296087885
"686",1677,0.95447393274507,0.509471370859491,0.89417296087885
"687",1680,0.970532511909596,0.634109657704566,0.912803654841101
"688",1681,1.04250448261491,0.576602316950279,0.896727927192228
"689",1682,0.95280722065529,0.499361025748826,0.893815179750811
"690",1684,0.959066855777119,0.541253495547582,0.89417296087885
"691",1685,1.09141116515428,0.382672298781564,0.882487742359328
"692",1687,0.885222809951625,0.200577494356287,0.869361965186374
"693",1689,0.967739075023379,0.609407508708034,0.903846179790178
"694",1692,0.958068225565762,0.53338350827629,0.89417296087885
"695",1693,0.968079191845833,0.612659334551091,0.905733194037372
"696",1694,1.1046669261121,0.448491773736887,0.882487742359328
"697",1695,0.864779399357126,0.0912699345466047,0.808944372703161
"698",1696,0.952926307676598,0.567735215710704,0.896255335091503
"699",1697,0.886226327557918,0.171436113298008,0.863187115782878
"700",1699,0.956145421760648,0.52208663144921,0.89417296087885
"701",1700,0.943885664297187,0.444400383115183,0.882487742359328
"702",1701,0.871544129640364,0.193076655023621,0.869361965186374
"703",1702,0.964855195918715,0.584410770592547,0.896727927192228
"704",1705,0.869546634246822,0.142049689711052,0.863187115782878
"705",1706,0.808443063334865,0.0334078114431144,0.674294119553004
"706",1708,0.92855904308351,0.534191192798703,0.89417296087885
"707",1709,0.964872911307504,0.585366474502434,0.896727927192228
"708",1710,0.97666054145761,0.698778483865293,0.923541822815508
"709",1712,0.97389826919281,0.669713115537695,0.919345379905611
"710",1715,1.05766016431143,0.547018931926181,0.89417296087885
"711",1716,0.957577092145756,0.609496864863257,0.903846179790178
"712",1720,0.914458333755498,0.343728418972133,0.882487742359328
"713",1721,1.13884439090126,0.272761412892745,0.882487742359328
"714",1722,1.05360154490626,0.585989753648794,0.896727927192228
"715",1724,1.04157576919554,0.624704397951825,0.912803654841101
"716",1725,1.14006530088355,0.364663669141439,0.882487742359328
"717",1731,0.801319016361255,0.0447799481134552,0.716061818288615
"718",1733,0.801136990129221,0.0717869749205508,0.742517898174541
"719",1734,1.05667853018072,0.434965357723376,0.882487742359328
"720",1735,0.974546844762048,0.674967127268248,0.920938176751884
"721",1736,1.1041965737165,0.110610629154654,0.837857369479801
"722",1737,0.862086647825438,0.0859016396515959,0.803030750772879
"723",1740,0.96708260630119,0.7651304762951,0.942714091811601
"724",1750,1.0431538788562,0.589583461181562,0.896727927192228
"725",1760,0.750432065178627,0.0070403885135497,0.473053943257778
"726",1765,1.00573733710418,0.938873053089064,0.990509313951452
"727",1771,1.00548505390838,0.943066079116098,0.990509313951452
"728",1772,1.15234849140607,0.0509014406872035,0.716061818288615
"729",1773,1.01991417656476,0.790163877980327,0.952000977819518
"730",1774,1.02279227207169,0.788648783450796,0.952000977819518
"731",1777,0.963899103984726,0.785297702930293,0.951947901600712
"732",1784,0.969748526463254,0.757283345231136,0.942714091811601
"733",1786,0.882218623435679,0.199001177184809,0.869361965186374
"734",1792,1.08576338251078,0.297624978525322,0.882487742359328
"735",1793,0.997973454634426,0.983064221893749,0.994344621237225
"736",1797,0.947123650337938,0.608124995969334,0.903846179790178
"737",1804,0.962775110269808,0.56715796692282,0.896255335091503
"738",1809,1.03798352150881,0.637654084865775,0.912803654841101
"739",1815,1.01616128901224,0.861109890712171,0.972457343980633
"740",1823,1.13417631293281,0.418776286737927,0.882487742359328
"741",1824,1.33637491222949,0.166587382907103,0.863187115782878
"742",1840,1.03493171081386,0.840056976786541,0.961307587930518
"743",1843,1.21712327975832,0.0877503303178493,0.808033503988625
"744",1850,0.957487394785301,0.648744742397689,0.914472146260508
"745",1858,0.931029196203131,0.525168094594139,0.89417296087885
"746",1863,0.973539632449779,0.660870599407324,0.917168722757335
"747",1864,0.956870045561964,0.51209699180617,0.89417296087885
"748",1865,0.970973188285076,0.67324068267702,0.919345379905611
"749",1866,0.967998918062961,0.637461584989824,0.912803654841101
"750",1867,0.959495482811008,0.580351474778506,0.896727927192228
"751",1875,1.07753120167784,0.387530878630752,0.882487742359328
"752",1876,1.0875708255994,0.293519536290658,0.882487742359328
"753",1877,0.760988587038636,0.145254220095597,0.863187115782878
"754",1879,1.15770125074348,0.22052845727226,0.882487742359328
"755",1883,1.01172802106298,0.874035121786049,0.981656900081283
"756",1884,1.07761327639352,0.380051326529617,0.882487742359328
"757",1885,1.0613781700676,0.506230244112198,0.89417296087885
"758",1886,0.851796828363954,0.110724484742651,0.837857369479801
"759",1887,1.03061856649466,0.700861160888038,0.923927387645988
"760",1888,1.07955004051463,0.412067422200104,0.882487742359328
"761",1889,0.838145212768352,0.0560426184112234,0.719967075809883
"762",1890,1.0273116402815,0.750089946642285,0.942351378429095
"763",1894,1.00647467517096,0.934155298433544,0.990509313951452
"764",1898,0.948286287996189,0.411154481012014,0.882487742359328
"765",1899,0.970733285935453,0.726195451866841,0.929510391047544
"766",1900,0.982441643046752,0.755885613885327,0.942714091811601
"767",1902,0.993986943184653,0.968398890255262,0.994344621237225
"768",1903,0.735701945496802,0.123081290861744,0.837857369479801
"769",1905,1.00396506366778,0.979064737292002,0.994344621237225
"770",1907,0.807892201301695,0.186873696179368,0.869361965186374
"771",1908,0.697947087276417,0.0586276848935712,0.719967075809883
"772",1909,0.700791202203442,0.0662292048801033,0.732027505704201
"773",1916,1.02821734177908,0.815317563997751,0.960187501107492
"774",1917,1.00600953554785,0.957084710024552,0.993307351418544
"775",1920,1.00801949346326,0.942018910395128,0.990509313951452
"776",1921,0.962941536377263,0.701295331503706,0.923927387645988
"777",1923,0.991524271227962,0.930499467396304,0.990509313951452
"778",1927,1.00162130547177,0.98819157074268,0.99560963079115
"779",1928,0.870063919761467,0.102257614043199,0.829272970558627
"780",1930,0.877094576404223,0.370294616973932,0.882487742359328
"781",1934,0.89246813681837,0.17353132438798,0.863187115782878
"782",1935,0.872273653834852,0.186876213363609,0.869361965186374
"783",1936,0.854320453074458,0.15390187206116,0.863187115782878
"784",1937,1.16414447495877,0.284647510782871,0.882487742359328
"785",1938,0.806047445934442,0.0262807271310902,0.637390784798008
"786",1939,0.983020765023175,0.830539429927244,0.960187501107492
"787",1940,0.81495533087101,0.138444194004368,0.863187115782878
"788",1942,1.08358039849902,0.538679905010143,0.89417296087885
"789",1943,0.837484079250976,0.0294100789446894,0.641923446950196
"790",1944,0.962680070347617,0.57457932835856,0.896727927192228
"791",1946,1.09426699665698,0.378313490182669,0.882487742359328
"792",1948,1.09578784033123,0.474700222558914,0.888655968132355
"793",1955,0.938817293936878,0.563522605180804,0.89501175298376
"794",1961,1.01426155639536,0.877060360512201,0.982119438261279
"795",1962,0.933595083241758,0.574850808884127,0.896727927192228
"796",1964,0.891907846197652,0.305037834051878,0.882487742359328
"797",1965,0.814948944624124,0.0564218303014815,0.719967075809883
"798",1966,0.99551758887851,0.967000616809182,0.994344621237225
"799",1968,1.17040763986752,0.0373277086794761,0.701387646087356
"800",1969,1.04222446561949,0.804775100659116,0.960109469294272
"801",1970,1.05935715750277,0.660162924116329,0.917168722757335
"802",1973,1.04002238295498,0.655473463811866,0.917168722757335
"803",1978,0.856928533001706,0.09646582695138,0.826136860371351
"804",1980,0.864561592671037,0.112943815921518,0.837857369479801
"805",1981,1.04322043358257,0.632858812174073,0.912803654841101
"806",1982,0.891727031202776,0.211939511999182,0.872294512329286
"807",1984,1.09436420021906,0.415308468528771,0.882487742359328
"808",1985,1.22915090079237,0.0200389109817297,0.58906450504662
"809",1986,0.913804491896681,0.283228108663485,0.882487742359328
"810",1988,0.926821583527304,0.287315134049211,0.882487742359328
"811",1993,0.87028950258731,0.197482932998242,0.869361965186374
"812",1994,0.989241942068807,0.915797634740963,0.990509313951452
"813",1995,0.869593586607777,0.301120219633108,0.882487742359328
"814",2004,0.850749418961175,0.0909084486998618,0.808944372703161
"815",2015,1.07753147937899,0.348278501324161,0.882487742359328
"816",2025,1.27301184209821,0.241931066820499,0.882487742359328
"817",2038,0.976460626558235,0.808207484416417,0.960187501107492
"818",2045,0.99377906535491,0.944864672304245,0.991843977240042
"819",2047,0.804448014131329,0.127476448044731,0.852413686391636
"820",2049,0.954689220133426,0.481398244128959,0.890302461336924
"821",2085,0.986810735675703,0.92176070459325,0.990509313951452
"822",2101,1.01644463598628,0.814994196687776,0.960187501107492
"823",2103,0.917381790863385,0.692408953393982,0.921520824558453
"824",2110,0.969919658419247,0.661828527114382,0.917168722757335
"825",2131,1.08303525082764,0.338234617224774,0.882487742359328
"826",2152,0.914976238278306,0.199150231891729,0.869361965186374
"827",2153,0.967448906666355,0.629477675495567,0.912803654841101
"828",2154,0.909827475987328,0.417671395875752,0.882487742359328
"829",2157,0.774139897267684,0.00549247950719821,0.473053943257778
"830",2158,0.973981654094412,0.690820532502716,0.921520824558453
"831",2159,0.913127610749572,0.390882677475613,0.882487742359328
"832",2161,0.777272817251888,0.00631260941474955,0.473053943257778
"833",2162,0.803290390274385,0.012134825136406,0.554055615088884
"834",2172,0.826665827378119,0.0153633964947416,0.58906450504662
"835",2173,1.27514577100247,0.0971667089633148,0.826136860371351
"836",2176,1.01837346186573,0.757807629326919,0.942714091811601
"837",2177,0.82588025778207,0.0138961516223361,0.576149123449938
"838",2188,0.998026788741883,0.980999847558791,0.994344621237225
"839",2194,0.890263500801293,0.388337139847887,0.882487742359328
"840",2195,1.04274066339411,0.762527670723953,0.942714091811601
"841",2215,1.03206366792132,0.876075922734247,0.982119438261279
"842",2221,0.944398299715843,0.405080111012698,0.882487742359328
"843",2237,0.946739305272643,0.417846430202235,0.882487742359328
"844",2244,0.958410076459799,0.491316368605972,0.893691632730515
"845",2252,0.924597586906056,0.440141104726968,0.882487742359328
"846",2256,1.02130064658541,0.892612862144654,0.985472013887305
"847",2276,0.882342790584467,0.375930505891821,0.882487742359328
"848",2280,1.06451304547844,0.487725202346601,0.890608022555164
"849",2308,1.09182782833248,0.510199661214512,0.89417296087885
"850",2316,1.17773345139921,0.373930734055726,0.882487742359328
"851",2346,0.987141007744507,0.919712054121725,0.990509313951452
"852",2358,1.15899095273289,0.186236861200701,0.869361965186374
"853",2360,1.10734857362728,0.609093093917807,0.903846179790178
"854",2386,0.994997900929775,0.946930856772202,0.992903504394513
"855",2391,1.0029729373232,0.970900116372722,0.994344621237225
"856",2408,1.08692942351396,0.367061676960004,0.882487742359328
"857",2411,0.999814257596728,0.997427660183026,0.998881550861439
"858",2416,0.975850648113468,0.711791725042805,0.92466074603127
"859",2423,0.995948517363762,0.971215108636356,0.994344621237225
"860",2436,1.18868179565475,0.120716874049621,0.837857369479801
"861",2448,0.996892673777764,0.955328763838871,0.993307351418544
"862",2458,1.09516176081713,0.273942139760461,0.882487742359328
"863",2475,1.07145344518664,0.466138600120181,0.888655968132355
"864",2483,1.12005766063999,0.328891674508992,0.882487742359328
"865",2484,1.16408867115264,0.074471055275217,0.757650080924052
"866",2498,1.0371606000201,0.670762055313321,0.919345379905611
"867",2504,1.03116064827619,0.633142509307639,0.912803654841101
"868",2505,1.03741880176388,0.565601160966727,0.895581469917831
"869",2508,0.766539425640184,0.0576387230953814,0.719967075809883
"870",2512,0.984449731629784,0.915453589295474,0.990509313951452
"871",2517,0.927120434527263,0.637210177153446,0.912803654841101
"872",2518,0.97852494459306,0.834822760783565,0.960187501107492
"873",2522,1.02680101972223,0.773296948121052,0.946596068742317
"874",2524,1.17592234013065,0.0692120628206596,0.736986430325333
"875",2530,0.993624520842704,0.941790036087942,0.990509313951452
"876",2554,0.937369138052354,0.327967931267428,0.882487742359328
"877",2559,1.07908947883425,0.741697260727228,0.939872159607995
"878",2563,1.07819068568933,0.70837709760567,0.92466074603127
"879",2592,1.28663398811081,0.194214000927727,0.869361965186374
"880",2617,0.959911493213157,0.511406017585183,0.89417296087885
"881",2622,1.4458980670082,0.00319642549864303,0.45860900522734
"882",2624,0.890938693087906,0.253238516590387,0.882487742359328
"883",2635,1.09107011719498,0.516913835013417,0.89417296087885
"884",2646,1.01592661900995,0.815682790913429,0.960187501107492
"885",2647,1.00557778482559,0.933143451304653,0.990509313951452
"886",2658,1.09704384409303,0.245558358251547,0.882487742359328
"887",2662,0.921918501543039,0.448576840345001,0.882487742359328
"888",2676,1.03512996515555,0.61657225906309,0.907946140109362
"889",2694,1.01505718498401,0.905112206394626,0.9899335482046
"890",2706,1.04492217596402,0.593262463195448,0.897536367426929
"891",2710,1.38288106221514,0.00521313032049589,0.473053943257778
"892",2713,1.06360690186093,0.477308973037853,0.888655968132355
"893",2720,1.02429043050625,0.829134374780601,0.960187501107492
"894",2722,0.969282104928581,0.729326288900618,0.931613933952591
"895",2724,1.20186295370327,0.0467043141860866,0.716061818288615
"896",2725,1.05772372045966,0.498478213124512,0.893815179750811
"897",2726,1.06220749750413,0.486208065262289,0.890608022555164
"898",2735,1.1180318237825,0.241563325807767,0.882487742359328
"899",2746,1.09760571630985,0.386895734669853,0.882487742359328
"900",2764,1.02434536296982,0.716444284852113,0.925858879805447
"901",2769,1.10588336125649,0.633691386456007,0.912803654841101
"902",2771,1.1153757695814,0.298407895924948,0.882487742359328
"903",2773,0.945772304653688,0.579859393133558,0.896727927192228
"904",2778,0.973071479672069,0.76130109711377,0.942714091811601
"905",2785,0.991099123169715,0.897530609830627,0.985657519504237
"906",2786,1.10804184722532,0.385359322406614,0.882487742359328
"907",2795,0.998186921746236,0.983517125632217,0.994344621237225
"908",2800,1.04157070457482,0.685596906614751,0.921415492249543
"909",2806,1.0445832760774,0.671457509619707,0.919345379905611
"910",2816,0.943151634936446,0.677319289588983,0.920938176751884
"911",2819,0.994540679482344,0.94821525541221,0.993307351418544
"912",2822,0.95434610256239,0.663576709176183,0.917168722757335
"913",2823,1.26176801938665,0.035842162246953,0.685425729518988
"914",2830,1.0385884962603,0.699906096694669,0.923541822815508
"915",2831,1.0390474004981,0.632511742546394,0.912803654841101
"916",2833,1.01838023203309,0.787279587599741,0.951947901600712
"917",2834,0.926714780195683,0.39598751049051,0.882487742359328
"918",2835,0.988267457664737,0.896246610217329,0.985472013887305
"919",2837,1.1055763464466,0.394774010673858,0.882487742359328
"920",2844,1.00518849640358,0.955491451158617,0.993307351418544
"921",2848,1.00795524668856,0.925050084126556,0.990509313951452
"922",2850,0.995834290511306,0.958270402094126,0.993307351418544
"923",2857,0.919280155443166,0.303788486738477,0.882487742359328
"924",2867,1.0922838316857,0.525350340809826,0.89417296087885
"925",2868,1.02664675579044,0.741793726822063,0.939872159607995
"926",2874,1.12101349808698,0.258194341139633,0.882487742359328
"927",2875,1.0283581997402,0.678095822054147,0.920938176751884
"928",2879,0.958830804842514,0.53995806403111,0.89417296087885
"929",2891,1.03536303708442,0.772944446840211,0.946596068742317
"930",2903,0.971979327781196,0.747097455503373,0.942351378429095
"931",2908,0.986366717504448,0.914530669281125,0.990509313951452
"932",2917,1.00348201201093,0.978973771153442,0.994344621237225
"933",2931,1.06622812056537,0.690040956838472,0.921520824558453
"934",2935,1.0330597701875,0.784866244452958,0.951947901600712
"935",2961,1.03754675359912,0.683719402112229,0.920938176751884
"936",2990,0.962502639912646,0.530874005746927,0.89417296087885
"937",2991,0.957896549123978,0.64085503653692,0.912803654841101
"938",3009,1.04463569331189,0.580651922884504,0.896727927192228
"939",3031,1.00962297820483,0.921864979956188,0.990509313951452
"940",3042,1.05813374283123,0.578795844435929,0.896727927192228
"941",3044,0.975864304852601,0.687074033099731,0.921493296355742
"942",3057,0.993194732418412,0.925023349396771,0.990509313951452
"943",3081,0.99978750088665,0.998194128591794,0.998881550861439
"944",3084,1.00088906191135,0.992473844121507,0.998318176180038
"945",3097,1.08335992484429,0.454967033846746,0.882487742359328
"946",3102,0.984710979789978,0.881384907164887,0.983762170507927
"947",3120,0.909458468355294,0.292121798516501,0.882487742359328
"948",3142,0.93678690924057,0.378145148157489,0.882487742359328
"949",3143,1.40359144468373,0.00392988445759607,0.45860900522734
"950",3151,0.996171614648871,0.963061648313006,0.994281778670406
"951",3153,0.992440228013175,0.91117291609679,0.990509313951452
"952",3159,1.51348439739813,0.0011207229436544,0.358985325845245
"953",3160,1.17445724310253,0.292764288297057,0.882487742359328
"954",3161,0.956229578944756,0.588519111580967,0.896727927192228
"955",3162,0.946722865644857,0.415587556515423,0.882487742359328
"956",3163,1.0028216862123,0.986436451119443,0.994908261757076
"957",3186,0.907934250617496,0.416408184598199,0.882487742359328
"958",3189,1.07641080664399,0.44024024237157,0.882487742359328
"959",3192,0.956638996051605,0.511071829869049,0.89417296087885
"960",3194,1.08269211316082,0.350236683949767,0.882487742359328
"961",3195,1.11426398311812,0.235921011054109,0.882487742359328
"962",3196,1.11029042270233,0.25276541274952,0.882487742359328
"963",3197,0.948066114410427,0.423294844146803,0.882487742359328
"964",3198,0.952327199882968,0.44873398889992,0.882487742359328
"965",3199,0.90920566591931,0.257922550447727,0.882487742359328
"966",3200,0.897240521788281,0.198284430192334,0.869361965186374
"967",3203,1.06248507341684,0.498904785529676,0.893815179750811
"968",3207,1.14105134607173,0.230290428900934,0.882487742359328
"969",3227,0.941631159722416,0.624817858736785,0.912803654841101
"970",3241,1.12968297865832,0.444780332267679,0.882487742359328
"971",3245,1.01213025829268,0.937706158045409,0.990509313951452
"972",3250,0.952261154183474,0.56292197338297,0.89501175298376
"973",3274,1.18825956012998,0.177792978088705,0.869361965186374
"974",3276,1.02142457111263,0.78803171635493,0.952000977819518
"975",3282,0.93029033547868,0.39782836151615,0.882487742359328
"976",3287,1.128406780527,0.372427108597939,0.882487742359328
"977",3309,1.01065176894148,0.896090796147748,0.985472013887305
"978",3310,1.06191507748425,0.446789544394796,0.882487742359328
"979",3337,1.09004588267975,0.500441888806845,0.89417296087885
"980",3366,1.07301380310484,0.384635809168393,0.882487742359328
"981",3402,0.955286925258196,0.466938288003565,0.888655968132355
"982",3406,0.942235213581728,0.432504947319862,0.882487742359328
"983",3409,1.03420684632407,0.663282460534641,0.917168722757335
"984",3422,1.01128984155268,0.958171718905464,0.993307351418544
"985",3429,0.955357557219079,0.477166515971263,0.888655968132355
"986",3432,0.996667877631843,0.95500928476456,0.993307351418544
"987",3433,1.11304411571706,0.398584373899054,0.882487742359328
"988",3435,1.0887473679053,0.711899181106596,0.92466074603127
"989",3436,0.900893193441167,0.689939596614744,0.921520824558453
"990",3437,1.340725398008,0.133934862283794,0.863187115782878
"991",3441,1.0037435782819,0.961573537676164,0.993837556267058
"992",3442,1.08906836809237,0.287351223905846,0.882487742359328
"993",3446,0.869359768195972,0.181360766546839,0.869361965186374
"994",3447,1.11524048240759,0.190493550681941,0.869361965186374
"995",3448,0.939507272343208,0.364886872959472,0.882487742359328
"996",3451,0.995177784438289,0.935431445875741,0.990509313951452
"997",3453,0.962997145190112,0.544140633436262,0.89417296087885
"998",3464,0.931987636967809,0.335108758844481,0.882487742359328
"999",3468,1.16347152042286,0.214245552839134,0.875152914324929
"1000",3470,1.36670723604205,0.0448401361723276,0.716061818288615
"1001",3477,1.06621368136286,0.358518940927799,0.882487742359328
"1002",3489,1.03495818812486,0.695148428267859,0.923098160222832
"1003",3510,1.0690142749097,0.802680562559509,0.959020979290869
"1004",3513,1.08847550666379,0.748974783982238,0.942351378429095
"1005",3516,0.938195292150123,0.533039452542802,0.89417296087885
"1006",3519,1.20830755855906,0.266289843036865,0.882487742359328
"1007",3521,0.993615217121614,0.98113821672758,0.994344621237225
"1008",3522,0.693913113528789,0.235879109361822,0.882487742359328
"1009",3524,1.02138159871406,0.937827171303545,0.990509313951452
"1010",3525,0.809480457514886,0.025209425081563,0.631608004673624
"1011",3526,1.02722970897196,0.872298733447159,0.980879305893005
"1012",3535,0.845350517899872,0.28110278184621,0.882487742359328
"1013",3537,0.758197327260851,0.329158495215579,0.882487742359328
"1014",3538,0.775734681474458,0.360140343887017,0.882487742359328
"1015",3539,0.733203997172401,0.000771188632984909,0.358985325845245
"1016",3540,1.02634340325412,0.764139722140269,0.942714091811601
"1017",3548,1.00953335522711,0.974374338982274,0.994344621237225
"1018",3562,1.0462663855667,0.864740046205629,0.97588381190413
"1019",3563,1.04848816442479,0.860105198554927,0.972457343980633
"1020",3566,1.02462491356094,0.893597731498291,0.985472013887305
"1021",3567,1.17066376594321,0.559006420681336,0.89501175298376
"1022",3568,1.17956493513046,0.536648208594549,0.89417296087885
"1023",3569,1.0735584648494,0.682207925146417,0.920938176751884
"1024",3570,0.96440138934951,0.686324932886122,0.921415492249543
"1025",3572,0.947810237556426,0.446168876215348,0.882487742359328
"1026",3576,1.04952213777844,0.643354712314205,0.912803654841101
"1027",3577,0.961136155203013,0.832273734288197,0.960187501107492
"1028",3578,1.39006837083858,0.200202122664176,0.869361965186374
"1029",3579,1.44380002664732,0.162893662955701,0.863187115782878
"1030",3581,0.936226892051149,0.637805309738532,0.912803654841101
"1031",3582,1.37644351960174,0.217205614933045,0.881488877881622
"1032",3583,1.4965603528544,0.0520083073654429,0.716061818288615
"1033",3586,1.09699896139683,0.389051777886558,0.882487742359328
"1034",3593,1.38913002673178,0.240816377429917,0.882487742359328
"1035",3595,0.903345232474736,0.22420227523832,0.882487742359328
"1036",3597,0.995092151666113,0.969338982514619,0.994344621237225
"1037",3600,1.28944808543629,0.348578532647832,0.882487742359328
"1038",3608,0.7808483177781,0.00236914799182011,0.445162907663
"1039",3610,1.02080478105259,0.766111984138539,0.942714091811601
"1040",3611,0.92574140155178,0.257665312138311,0.882487742359328
"1041",3612,1.04273986151763,0.545447575264385,0.89417296087885
"1042",3629,1.33592524716301,0.122660138101832,0.837857369479801
"1043",3639,0.964301837871719,0.657152387421715,0.917168722757335
"1044",3649,0.965285369651489,0.550581415202634,0.89417296087885
"1045",3658,1.06462025404154,0.604299867718065,0.903846179790178
"1046",3659,1.04447387815712,0.881669755319765,0.983762170507927
"1047",3664,1.10476200701245,0.207751090106429,0.872294512329286
"1048",3665,1.10978806146677,0.387486326792712,0.882487742359328
"1049",3666,1.10388600609965,0.228257275093548,0.882487742359328
"1050",3667,1.09149872452708,0.349728365028964,0.882487742359328
"1051",3669,1.27981436419192,0.226956314517052,0.882487742359328
"1052",3670,1.02145805738649,0.937605790431741,0.990509313951452
"1053",3682,0.954749167240741,0.484301897094244,0.890608022555164
"1054",3693,0.948547373194427,0.427069625632155,0.882487742359328
"1055",3711,1.1055763464466,0.394774010673858,0.882487742359328
"1056",3719,1.28879907902946,0.171383627599155,0.863187115782878
"1057",3720,0.961584060970112,0.663915481290826,0.917168722757335
"1058",3729,1.00954329337511,0.934022462299931,0.990509313951452
"1059",3732,0.81531338349147,0.0280907871854587,0.641923446950196
"1060",3733,1.05354851239581,0.858415685627478,0.972457343980633
"1061",3738,1.09696580897662,0.726191579810773,0.929510391047544
"1062",3739,1.32908618612695,0.132065250147265,0.863187115782878
"1063",3741,1.32977784146152,0.28253633297915,0.882487742359328
"1064",3743,1.12024339122015,0.214655276812092,0.875152914324929
"1065",3744,0.989732694033837,0.96963618248131,0.994344621237225
"1066",3754,1.26454353880568,0.34862436326634,0.882487742359328
"1067",3760,0.953667600813241,0.48597814854583,0.890608022555164
"1068",3764,0.938532157893807,0.33442285747137,0.882487742359328
"1069",3766,1.02552603205213,0.692979736615803,0.921520824558453
"1070",3771,0.946592291485556,0.440223002124677,0.882487742359328
"1071",3772,1.02471406089272,0.702756257756048,0.923927387645988
"1072",3775,0.971914496282764,0.667508403371487,0.918863216069615
"1073",3783,0.883304532722957,0.228988954831213,0.882487742359328
"1074",3785,1.04744294079968,0.496515395490479,0.893815179750811
"1075",3786,1.01789876594293,0.80903015344506,0.960187501107492
"1076",3792,1.04560674084212,0.770880776962217,0.946596068742317
"1077",3793,1.02817359878166,0.699531363522614,0.923541822815508
"1078",3799,1.38963114803091,0.0032773375364831,0.45860900522734
"1079",3801,0.950852615009554,0.470234242561834,0.888655968132355
"1080",3805,1.04921878558308,0.861186280140379,0.972457343980633
"1081",3809,1.03324429675567,0.6136440285613,0.906336055403393
"1082",3810,1.02630870954821,0.701795037606572,0.923927387645988
"1083",3813,1.03031859645924,0.641976266861818,0.912803654841101
"1084",3815,1.03084976574812,0.714093735228238,0.924729240864134
"1085",3832,1.03619783464511,0.591298586624573,0.896727927192228
"1086",3839,1.120518169826,0.663648087267544,0.917168722757335
"1087",3846,0.977998871264477,0.872029124597476,0.980879305893005
"1088",3850,1.32871557469678,0.283284084606092,0.882487742359328
"1089",3851,0.974243582218957,0.762145206086067,0.942714091811601
"1090",3855,0.98856497917925,0.969433944872861,0.994344621237225
"1091",3867,1.04018506328264,0.615211657898555,0.90736476074677
"1092",3868,1.08263188382317,0.436126798945129,0.882487742359328
"1093",3876,0.947989927524006,0.596057797239602,0.900555192484513
"1094",3877,1.14991527721845,0.117099655697883,0.837857369479801
"1095",3878,1.16371349628727,0.0866673930302333,0.805450629426314
"1096",3879,0.937014976314578,0.530447547214592,0.89417296087885
"1097",3881,0.892366670220141,0.204807025916397,0.872294512329286
"1098",3883,1.15615247981119,0.123616823001612,0.837857369479801
"1099",3887,1.10983404896517,0.236592430925787,0.882487742359328
"1100",3889,1.09854335367602,0.279007184802681,0.882487742359328
"1101",3892,1.10233611270326,0.272588541211788,0.882487742359328
"1102",3893,1.10161214529456,0.266756381066774,0.882487742359328
"1103",3898,1.18770357425851,0.155355993222059,0.863187115782878
"1104",3899,1.08658578589113,0.520240790075657,0.89417296087885
"1105",3900,1.04714980721475,0.671777129840118,0.919345379905611
"1106",3902,1.09041016264961,0.538128786288634,0.89417296087885
"1107",3905,1.15919696347956,0.241818088008081,0.882487742359328
"1108",3912,1.18810721411971,0.153757663815452,0.863187115782878
"1109",3913,1.07836318343835,0.355792324967021,0.882487742359328
"1110",3923,0.964769942378366,0.680462486371192,0.920938176751884
"1111",3925,1.08381631462733,0.315713143163827,0.882487742359328
"1112",3941,0.96568497407124,0.689317755410224,0.921520824558453
"1113",3942,0.995574694898479,0.957181167823437,0.993307351418544
"1114",3946,0.954787601722112,0.465030402313244,0.888655968132355
"1115",3953,0.984603235654553,0.851900260157134,0.968373011999549
"1116",3957,1.01730298508901,0.837512530577373,0.960187501107492
"1117",3961,0.95169134377573,0.445831294108343,0.882487742359328
"1118",3975,1.16354258726932,0.254858492467121,0.882487742359328
"1119",3976,0.990143512346088,0.941460827186864,0.990509313951452
"1120",3994,1.03206048392957,0.821412474860237,0.960187501107492
"1121",3999,0.946110145117223,0.552354155980347,0.89417296087885
"1122",4027,1.33670543234861,0.0189980340560472,0.58906450504662
"1123",4028,0.94646788080234,0.524931634993255,0.89417296087885
"1124",4029,1.05119936106962,0.589447696200014,0.896727927192228
"1125",4034,1.30733495112379,0.0549088656959073,0.716484435018124
"1126",4036,0.992486427328862,0.954434778936042,0.993307351418544
"1127",4037,1.36120967168645,0.0305279504022201,0.641923446950196
"1128",4046,1.32864694297997,0.0568395451127868,0.719967075809883
"1129",4047,1.14906281373954,0.26080857847348,0.882487742359328
"1130",4051,0.868164267278794,0.170129093833394,0.863187115782878
"1131",4053,1.25725142689485,0.058295356751812,0.719967075809883
"1132",4059,1.12881520194551,0.295460535697668,0.882487742359328
"1133",4064,0.945163738827978,0.40666847901076,0.882487742359328
"1134",4065,1.04112444606309,0.809529142356943,0.960187501107492
"1135",4069,0.999089851357845,0.995408577331831,0.998881550861439
"1136",4075,1.26632196825674,0.049624968064351,0.716061818288615
"1137",4092,0.921921591031358,0.390516847720538,0.882487742359328
"1138",4093,1.62709848286222,0.01206005210628,0.554055615088884
"1139",4103,1.2999260824754,0.0590074133447163,0.719967075809883
"1140",4105,1.13941083276251,0.290951692555119,0.882487742359328
"1141",4118,1.1840179300161,0.168198376519632,0.863187115782878
"1142",4124,0.952306604880136,0.456766805817115,0.882487742359328
"1143",4125,1.28465701749324,0.0186189461946155,0.58906450504662
"1144",4129,1.37247181632581,0.0283103653996955,0.641923446950196
"1145",4142,1.30229893350973,0.0147814903528679,0.58906450504662
"1146",4146,1.29897654218664,0.0235765738478375,0.63062744838472
"1147",4147,1.30091305443453,0.0198896497733827,0.58906450504662
"1148",4149,1.29411935085913,0.0173979812166684,0.58906450504662
"1149",4150,1.13887153244092,0.191506716168098,0.869361965186374
"1150",4155,1.19938934414041,0.0174113709046757,0.58906450504662
"1151",4156,1.1319622889393,0.238979321680548,0.882487742359328
"1152",4159,1.21521491008503,0.0225317499557443,0.630051273426359
"1153",4162,1.20996129344145,0.123265651880014,0.837857369479801
"1154",4163,1.19740568026202,0.0174451192088561,0.58906450504662
"1155",4164,1.2036927448066,0.145035042922457,0.863187115782878
"1156",4168,0.997021765867029,0.982433337252033,0.994344621237225
"1157",4169,1.46015264425596,0.0577813364322366,0.719967075809883
"1158",4172,1.02094642023976,0.858581042928405,0.972457343980633
"1159",4173,1.03612026841317,0.823683817813082,0.960187501107492
"1160",4174,0.985252784936487,0.904819247814314,0.9899335482046
"1161",4176,1.18928541758586,0.157887681865349,0.863187115782878
"1162",4177,1.22641263254729,0.0789994022222563,0.785396173415977
"1163",4179,1.09325906362869,0.39596114520621,0.882487742359328
"1164",4184,1.57758327231423,0.0231905614620871,0.63062744838472
"1165",4185,1.21321137741824,0.150120305547027,0.863187115782878
"1166",4187,1.20776587095383,0.0816487472490969,0.799214069462776
"1167",4188,1.27878368978322,0.0434930504420871,0.716061818288615
"1168",4190,1.16622312773262,0.17219087681113,0.863187115782878
"1169",4192,1.22450357276097,0.104322754776206,0.829272970558627
"1170",4193,1.25093953618853,0.0544159548129656,0.716061818288615
"1171",4202,1.17592367417772,0.198799993473898,0.869361965186374
"1172",4207,1.09531253755729,0.374338428597802,0.882487742359328
"1173",4210,1.26886709121157,0.0433390380277265,0.716061818288615
"1174",4213,1.11695460910982,0.322412273172508,0.882487742359328
"1175",4215,1.24867913424618,0.0572390665104371,0.719967075809883
"1176",4216,1.21257421745102,0.0922487373763322,0.813781115164921
"1177",4219,1.23421121754119,0.0687904654930506,0.736986430325333
"1178",4220,1.2726827111549,0.0649670645593263,0.732027505704201
"1179",4221,1.25900192759161,0.0588810711702848,0.719967075809883
"1180",4222,1.26546057861447,0.0541581004966049,0.716061818288615
"1181",4224,1.24330007245533,0.087017816803375,0.805450629426314
"1182",4226,1.10335058410944,0.382298845739947,0.882487742359328
"1183",4228,1.31334185461131,0.0136403931123143,0.576149123449938
"1184",4229,1.25513682585944,0.0530121616036537,0.716061818288615
"1185",4231,1.22880018806599,0.0682483200630113,0.736986430325333
"1186",4232,1.24850867789205,0.0544953911736412,0.716061818288615
"1187",4238,1.25048757909603,0.0857618103815043,0.803030750772879
"1188",4242,1.04092576749429,0.706457416497153,0.92439657771459
"1189",4243,1.28526600889037,0.0361134365206917,0.685425729518988
"1190",4244,1.06599740159425,0.535421790497945,0.89417296087885
"1191",4245,1.27549134979005,0.0495411427905356,0.716061818288615
"1192",4246,1.23492299156887,0.0694234157358084,0.736986430325333
"1193",4249,0.993829935486321,0.954702939028968,0.993307351418544
"1194",4252,1.14861003731803,0.233542522571853,0.882487742359328
"1195",4257,1.02550554788634,0.811651022036176,0.960187501107492
"1196",4258,1.10121304843941,0.204017275617898,0.872294512329286
"1197",4262,1.01745685633891,0.837771620578103,0.960187501107492
"1198",4271,1.04086813482564,0.660696534290142,0.917168722757335
"1199",4279,1.08954892095054,0.347962938357253,0.882487742359328
"1200",4281,1.07166814027585,0.438521610047783,0.882487742359328
"1201",4282,0.986624943477689,0.88350174877293,0.983762170507927
"1202",4286,0.916675972974592,0.411876835464385,0.882487742359328
"1203",4289,0.941528281653726,0.680437709122932,0.920938176751884
"1204",4290,1.02411060728513,0.837215207756409,0.960187501107492
"1205",4294,1.06971677122406,0.311979829520571,0.882487742359328
"1206",4302,0.961858023857504,0.742531415983721,0.940172864308229
"1207",4305,1.0700743889779,0.372802839139615,0.882487742359328
"1208",4309,0.955318854275478,0.58989013569466,0.896727927192228
"1209",4310,1.02473012380346,0.761577445534026,0.942714091811601
"1210",4311,1.026228328371,0.753557238943193,0.942714091811601
"1211",4313,1.04058311668934,0.671477823683238,0.919345379905611
"1212",4314,1.13597017297235,0.211221500790451,0.872294512329286
"1213",4316,1.14979505506035,0.174637093725431,0.86325979696001
"1214",4321,0.881722697658882,0.427854882460364,0.882487742359328
"1215",4326,0.832877592329698,0.390225914290841,0.882487742359328
"1216",4328,1.15286077549033,0.165395579653315,0.863187115782878
"1217",4330,0.846255030614009,0.406201630637092,0.882487742359328
"1218",4332,1.07175743726774,0.468513721840855,0.888655968132355
"1219",4342,0.946339572855416,0.565755830118396,0.895581469917831
"1220",4344,1.21240515365643,0.0967129350163724,0.826136860371351
"1221",4353,1.02650589924418,0.824212882870966,0.960187501107492
"1222",4371,0.987124924086151,0.88608809526047,0.983762170507927
"1223",4388,1.07338657516775,0.408186667773095,0.882487742359328
"1224",4389,1.07504778612889,0.403716604682044,0.882487742359328
"1225",4404,0.977279796505658,0.785788896452604,0.951947901600712
"1226",4412,1.20597537298285,0.164402025143464,0.863187115782878
"1227",4413,0.953819726779742,0.621930454872447,0.912803654841101
"1228",4424,0.934400536078999,0.632871872393611,0.912803654841101
"1229",4426,0.999620900171419,0.997239185789881,0.998881550861439
"1230",4428,1.07046912199719,0.544491335101812,0.89417296087885
"1231",4430,1.06257046257966,0.569583577000317,0.896727927192228
"1232",4431,1.20021639135084,0.0179822107141628,0.58906450504662
"1233",4434,1.00104654853263,0.991878582495654,0.998253806378861
"1234",4435,0.92484455891794,0.38159987320549,0.882487742359328
"1235",4436,1.02976015910045,0.792082091359018,0.952221528895454
"1236",4443,0.944670873179158,0.404175623121433,0.882487742359328
"1237",4446,0.993788168615639,0.953070145203572,0.993307351418544
"1238",4448,0.922162775575148,0.470060630557656,0.888655968132355
"1239",4456,1.19215151953894,0.0228012169201663,0.630051273426359
"1240",4458,1.08414411165882,0.32675756352907,0.882487742359328
"1241",4459,0.960027823337849,0.667188846078849,0.918863216069615
"1242",4460,1.00816271796012,0.924899151653419,0.990509313951452
"1243",4462,1.07875629923487,0.634591911371098,0.912803654841101
"1244",4478,1.13088312789539,0.136291456038682,0.863187115782878
"1245",4479,1.28026668498778,0.007762187740963,0.473053943257778
"1246",4480,0.901445149129755,0.199880714999425,0.869361965186374
"1247",4481,1.2343377735751,0.0181518930955392,0.58906450504662
"1248",4484,0.942302209650149,0.426677821575402,0.882487742359328
"1249",4485,1.27082227516699,0.00963090048697406,0.486581154462052
"1250",4487,0.872119801905222,0.109322979274589,0.837857369479801
"1251",4488,1.49324525949244,0.00465087093464788,0.473053943257778
"1252",4489,1.08839699360138,0.319374695189432,0.882487742359328
"1253",4490,0.884122307104034,0.143263584680887,0.863187115782878
"1254",4492,1.1453429670266,0.307284719544929,0.882487742359328
"1255",4493,1.45878383222448,0.00830802561336172,0.473053943257778
"1256",4494,0.98620712761298,0.882220079726591,0.983762170507927
"1257",4495,0.941679850333507,0.425961525178296,0.882487742359328
"1258",4499,1.22648514532113,0.0255204747789111,0.631608004673624
"1259",4506,0.963246899027087,0.699706918252769,0.923541822815508
"1260",4507,0.996480955251617,0.969017771165245,0.994344621237225
"1261",4508,1.28756387334959,0.00582386852045922,0.473053943257778
"1262",4509,1.2985317647408,0.00518778041322994,0.473053943257778
"1263",4510,1.1586971683814,0.0827451307452455,0.801433508609878
"1264",4512,0.952442724717631,0.707666433048683,0.92466074603127
"1265",4513,1.03607567730204,0.831210568125498,0.960187501107492
"1266",4518,1.1306577258902,0.437892448000039,0.882487742359328
"1267",4519,1.06943456290709,0.559890681546438,0.89501175298376
"1268",4520,1.2977348560001,0.00723134614173354,0.473053943257778
"1269",4523,1.08149045901472,0.25554039693595,0.882487742359328
"1270",4525,1.10078572764204,0.2615784956962,0.882487742359328
"1271",4530,1.10780457530205,0.29670447765739,0.882487742359328
"1272",4533,1.11818646263089,0.0606904801585338,0.722772997595578
"1273",4534,0.971081358295211,0.760972496795469,0.942714091811601
"1274",4535,1.06114837045341,0.580239113993218,0.896727927192228
"1275",4537,1.15479827837154,0.117431785938886,0.837857369479801
"1276",4540,1.07685979774872,0.43428905336681,0.882487742359328
"1277",4541,1.18280752389071,0.256196397676219,0.882487742359328
"1278",4542,1.18439779594526,0.0333934645442048,0.674294119553004
"1279",4543,1.01909166744072,0.744702057104156,0.942286306598458
"1280",4545,1.1226360447318,0.0516978364631673,0.716061818288615
"1281",4546,1.13988886899556,0.230342238377955,0.882487742359328
"1282",4548,1.09895884331485,0.34817225179813,0.882487742359328
"1283",4555,1.23904762522435,0.014104768322883,0.576149123449938
"1284",4559,1.25647637238407,0.0188922725683447,0.58906450504662
"1285",4560,0.949400667182424,0.42881059241874,0.882487742359328
"1286",4561,1.04461369289325,0.688602675930315,0.921520824558453
"1287",4565,0.837085871657747,0.371933617040635,0.882487742359328
"1288",4571,1.00963245288933,0.949205271488779,0.993307351418544
"1289",4579,0.999496820717835,0.995826558153042,0.998881550861439
"1290",4581,1.05079527788569,0.591325732572146,0.896727927192228
"1291",4582,1.05626573839604,0.635875467330702,0.912803654841101
"1292",4586,1.0251254470913,0.86806673214063,0.978462741267092
"1293",4588,1.01716729359028,0.833404733976234,0.960187501107492
"1294",4593,0.926706713422524,0.294039509895967,0.882487742359328
"1295",4596,1.29631973032473,0.00407697504804716,0.45860900522734
"1296",4601,1.21067694020247,0.0199411267408208,0.58906450504662
"1297",4603,0.961973923886055,0.520087884734066,0.89417296087885
"1298",4604,1.01904509229246,0.778215395717606,0.949523849709989
"1299",4609,0.890952651867364,0.367788109819712,0.882487742359328
"1300",4612,0.927813935876686,0.273714586305074,0.882487742359328
"1301",4629,0.941459335638968,0.514149941808984,0.89417296087885
"1302",4639,1.31932342470508,0.0881569283223353,0.808033503988625
"1303",4650,0.982676057287275,0.811466710196218,0.960187501107492
"1304",4655,1.01431853952363,0.886380710308633,0.983762170507927
"1305",4658,1.1006674109502,0.324644060752028,0.882487742359328
"1306",4663,0.998323552949688,0.98583092446874,0.9948315290423
"1307",4666,0.977736711911631,0.74122708406418,0.939872159607995
"1308",4669,1.43475838101083,0.0191425608953385,0.58906450504662
"1309",4670,1.58579429140597,0.0041014698594513,0.45860900522734
"1310",4672,1.4353949162631,0.00983668241138837,0.486581154462052
"1311",4674,0.931217677149535,0.369673629677009,0.882487742359328
"1312",4678,0.908746164581174,0.32969143290863,0.882487742359328
"1313",4680,1.6453230856137,0.00123822020105395,0.358985325845245
"1314",4681,1.38288149389058,0.0080614530170047,0.473053943257778
"1315",4682,0.969373233222344,0.663071371008693,0.917168722757335
"1316",4689,1.15520838783072,0.368980400076123,0.882487742359328
"1317",4691,1.53790714819853,0.00152841011536028,0.358985325845245
"1318",4692,1.27899752442312,0.0615255390821625,0.722772997595578
"1319",4693,1.06126981304586,0.662589097762426,0.917168722757335
"1320",4695,1.24529154694782,0.0661923014786635,0.732027505704201
"1321",4696,1.59996399502517,0.00180156916845446,0.376127607502882
"1322",4697,1.28334479194289,0.0379183716090828,0.705431883697688
"1323",4698,1.2698753086932,0.0400672065355479,0.716061818288615
"1324",4699,1.35998869083463,0.00728721206165688,0.473053943257778
"1325",4700,1.2241476031654,0.102757317616733,0.829272970558627
"1326",4701,1.24426864702294,0.117361241592302,0.837857369479801
"1327",4702,1.63801273270043,0.00140084161749821,0.358985325845245
"1328",4704,0.95084980361243,0.503402029936389,0.89417296087885
"1329",4705,0.965127853822752,0.639174947957299,0.912803654841101
"1330",4706,1.03560826529918,0.721159622312022,0.928758691106436
"1331",4720,1.03295773728117,0.720502895883696,0.928549342500319
"1332",4722,0.970619141079812,0.632315503517957,0.912803654841101
"1333",4725,0.965754919501111,0.546022123877288,0.89417296087885
"1334",4729,0.980829454093963,0.831199423530415,0.960187501107492
"1335",4742,0.965539495756346,0.599150593350901,0.902809915722809
"1336",4745,0.969896554424233,0.644164513019891,0.912803654841101
"1337",4759,0.947559950439486,0.422007667451758,0.882487742359328
"1338",4761,0.917875487261608,0.600187121378076,0.903292630089391
"1339",4763,0.937338046457413,0.419952665834166,0.882487742359328
"1340",4781,0.979601326416731,0.901314232917482,0.988657001548131
"1341",4797,1.07776957356177,0.659336460612429,0.917168722757335
"1342",4805,1.03403088031997,0.59633264290581,0.900555192484513
"1343",4806,1.03378579603241,0.598889307234984,0.902809915722809
"1344",4815,1.06239453810973,0.354173205394378,0.882487742359328
"1345",4820,1.06436908865254,0.329109953964093,0.882487742359328
"1346",4823,0.362005869723417,0.536067411519802,0.89417296087885
"1347",4827,0.990840785703103,0.922459920785251,0.990509313951452
"1348",4843,1.04613084534926,0.81233869419044,0.960187501107492
"1349",4844,0.970036136293526,0.854558581267157,0.970807481379074
"1350",4845,1.04431146939852,0.641415399388796,0.912803654841101
"1351",4872,0.986062741991292,0.876966425635974,0.982119438261279
"1352",4876,0.951126642831298,0.441089242151772,0.882487742359328
"1353",4878,0.876183937543048,0.253682597870788,0.882487742359328
"1354",4892,1.11447433193031,0.356012490422455,0.882487742359328
"1355",4893,0.990617647500154,0.894784785751201,0.985472013887305
"1356",4901,0.983874458790835,0.809824026233392,0.960187501107492
"1357",4904,1.03276722492994,0.698472883744539,0.923541822815508
"1358",4905,0.964708982092725,0.561089517813187,0.89501175298376
"1359",4910,0.886429071830723,0.282294286147565,0.882487742359328
"1360",4913,0.847152693648443,0.259513551449815,0.882487742359328
"1361",4918,0.855116008358987,0.289189392728618,0.882487742359328
"1362",4919,0.836971941831442,0.241342553151582,0.882487742359328
"1363",4920,0.787185183755712,0.119769643007351,0.837857369479801
"1364",4923,0.765818014421988,0.0306984683268445,0.641923446950196
"1365",4925,0.839232327565337,0.160680450805182,0.863187115782878
"1366",4927,0.866387659903828,0.302641300745846,0.882487742359328
"1367",4928,1.10500817046267,0.280757929976532,0.882487742359328
"1368",4929,0.907097190813668,0.396273005608942,0.882487742359328
"1369",4930,0.848472900775141,0.204326668229993,0.872294512329286
"1370",4931,1.14469561087553,0.132812320250577,0.863187115782878
"1371",4935,1.24172671767129,0.0886409729489256,0.808366868563858
"1372",4937,1.01464181959215,0.89139304581609,0.985472013887305
"1373",4938,0.830994185932021,0.109832958318341,0.837857369479801
"1374",4946,1.04602506870311,0.639623477118154,0.912803654841101
"1375",4947,1.06601229969524,0.498397467775866,0.893815179750811
"1376",4960,0.944681532291128,0.404227127494652,0.882487742359328
"1377",4962,0.943825576573471,0.444333380868434,0.882487742359328
"1378",4975,1.01226481443268,0.859050821556722,0.972457343980633
"1379",4984,1.01796445407365,0.777686329742261,0.949494875624242
"1380",4991,1.01152559451584,0.916033619359859,0.990509313951452
"1381",5001,1.03044376983232,0.761748070901114,0.942714091811601
"1382",5002,1.02589284828872,0.756426807920744,0.942714091811601
"1383",5009,0.949118933279361,0.428967465714394,0.882487742359328
"1384",5012,0.95184500749261,0.446547296877935,0.882487742359328
"1385",5026,1.07021889763628,0.451221971171179,0.882487742359328
"1386",5032,0.946861494795847,0.414134141352201,0.882487742359328
"1387",5046,0.973353835916775,0.765561454318157,0.942714091811601
"1388",5053,0.95666777763752,0.4792283159338,0.888655968132355
"1389",5067,0.960022796006964,0.625750888346693,0.912803654841101
"1390",5073,1.07815422067984,0.662338270156274,0.917168722757335
"1391",5075,0.939501079937044,0.562965531351939,0.89501175298376
"1392",5076,0.960723826440724,0.525692090244806,0.89417296087885
"1393",5077,0.956027712201349,0.501353516314383,0.89417296087885
"1394",5079,0.962270445928046,0.550117195644568,0.89417296087885
"1395",5083,1.08367374597264,0.592775630951234,0.897522490376606
"1396",5088,1.1100702229878,0.387760535974464,0.882487742359328
"1397",5089,1.17126457371467,0.151425828133915,0.863187115782878
"1398",5095,1.12148504989067,0.228920457274806,0.882487742359328
"1399",5099,1.1508585727375,0.222930145483128,0.882487742359328
"1400",5108,0.947272916244826,0.711502325218333,0.92466074603127
"1401",5115,1.14415644411646,0.185298526186272,0.869361965186374
"1402",5123,1.06940113952645,0.583836013538512,0.896727927192228
"1403",5129,1.0785281711773,0.333293082340513,0.882487742359328
"1404",5136,0.979861058923228,0.71354873961966,0.92466074603127
"1405",5137,0.995712513266781,0.940852906118262,0.990509313951452
"1406",5138,0.981540117878295,0.732718797185919,0.933409233838876
"1407",5139,0.99705941869306,0.962180965602623,0.993918655507052
"1408",5140,0.980341463790939,0.7243265131845,0.92927791679834
"1409",5141,0.981489202612189,0.750771694256709,0.942351378429095
"1410",5146,0.981223851670806,0.739220963147482,0.93978091323012
"1411",5148,0.97954561814225,0.709505562623491,0.92466074603127
"1412",5149,0.994113126380121,0.912372230083657,0.990509313951452
"1413",5152,1.07487227973821,0.34288973257574,0.882487742359328
"1414",5153,0.986692485960066,0.817086461537791,0.960187501107492
"1415",5157,0.996495538515163,0.955122618790342,0.993307351418544
"1416",5158,0.978458053690694,0.696555894399502,0.923541822815508
"1417",5163,1.03318791826468,0.723800608122941,0.92927791679834
"1418",5169,1.01722093299614,0.889061982840985,0.985472013887305
"1419",5172,1.12188424989124,0.444720608550269,0.882487742359328
"1420",5174,0.963787775002996,0.834476797992395,0.960187501107492
"1421",5175,1.00456085085147,0.942033931508728,0.990509313951452
"1422",5187,1.03086549626032,0.680893318490588,0.920938176751884
"1423",5190,1.20559309962754,0.0500435770769734,0.716061818288615
"1424",5193,1.1820560148603,0.0646005628674936,0.732027505704201
"1425",5196,1.14693157268811,0.166017217599644,0.863187115782878
"1426",5206,1.10142600358427,0.452319039102002,0.882487742359328
"1427",5216,0.985927678200632,0.936289416002016,0.990509313951452
"1428",5217,1.05350633243706,0.765023581949381,0.942714091811601
"1429",5223,0.997112556912831,0.975599140812867,0.994344621237225
"1430",5224,1.01901767248774,0.839715276213193,0.961307587930518
"1431",5237,0.987104295336755,0.937170665107771,0.990509313951452
"1432",5239,1.17564905351787,0.123002684890876,0.837857369479801
"1433",5263,0.940757609052894,0.380642609719036,0.882487742359328
"1434",5308,1.08009601849178,0.609959540278425,0.903846179790178
"1435",5321,0.965306417740023,0.841421814155132,0.961698046713804
"1436",5343,1.03540099469437,0.757012133262329,0.942714091811601
"1437",5347,1.03950979191536,0.72453014800935,0.92927791679834
"1438",5373,1.02691674930061,0.790378672378099,0.952000977819518
"1439",5389,0.989719751450088,0.925592936519494,0.990509313951452
"1440",5397,0.949889627416806,0.476478975064763,0.888655968132355
"1441",5415,0.94321964821899,0.578488637635852,0.896727927192228
"1442",5417,0.981207564310994,0.83760256476661,0.960187501107492
"1443",5425,1.03797405173269,0.471210002620765,0.888655968132355
"1444",5431,1.02779442053776,0.757938036542721,0.942714091811601
"1445",5440,0.964323780589556,0.58434563816205,0.896727927192228
"1446",5442,0.961797935545728,0.559158602358756,0.89501175298376
"1447",5443,0.96062482300647,0.550330988114713,0.89417296087885
"1448",5448,0.962691875222707,0.532201943512898,0.89417296087885
"1449",5455,1.0781259962824,0.419875106826385,0.882487742359328
"1450",5456,1.07616049269232,0.437129607216886,0.882487742359328
"1451",5458,1.07761377712745,0.425986117303871,0.882487742359328
"1452",5462,0.977112339519895,0.815642929376453,0.960187501107492
"1453",5463,1.03266004175428,0.750510583625842,0.942351378429095
"1454",5468,0.820804046394517,0.148638905297295,0.863187115782878
"1455",5470,1.01335498057266,0.892680997022357,0.985472013887305
"1456",5474,0.99537179411734,0.933430781788913,0.990509313951452
"1457",5486,1.01978857917302,0.835870616468159,0.960187501107492
"1458",5489,1.01143660872388,0.92990181455103,0.990509313951452
"1459",5495,0.995799012351053,0.974606035794595,0.994344621237225
"1460",5497,1.58492967737873,0.0247597182276567,0.631608004673624
"1461",5498,1.14157898291225,0.136476320533664,0.863187115782878
"1462",5506,1.15072382672614,0.118329045912828,0.837857369479801
"1463",5508,1.21377531929646,0.0348008528077509,0.678566482733327
"1464",5515,1.13271360769514,0.16635302207628,0.863187115782878
"1465",5516,1.0587315538477,0.399455274663045,0.882487742359328
"1466",5518,1.21269211218222,0.0297163171276611,0.641923446950196
"1467",5520,1.1046721221247,0.195779651306253,0.869361965186374
"1468",5522,1.15425154348842,0.0741283086398103,0.757650080924052
"1469",5523,0.955663628897136,0.485308684097823,0.890608022555164
"1470",5528,1.1426357550799,0.0969763371159514,0.826136860371351
"1471",5529,1.23494778951445,0.0511020856666787,0.716061818288615
"1472",5530,1.12702985780276,0.136074445223421,0.863187115782878
"1473",5531,1.04570370138167,0.832349295600373,0.960187501107492
"1474",5533,1.07180063865624,0.466813119640943,0.888655968132355
"1475",5534,1.15282334921199,0.0745956705539912,0.757650080924052
"1476",5535,1.06072243468247,0.53476205770508,0.89417296087885
"1477",5536,1.21811094701212,0.0414750603474462,0.716061818288615
"1478",5537,1.0688508930548,0.471114817110782,0.888655968132355
"1479",5538,1.03213067911629,0.768706253734881,0.945220056527922
"1480",5539,1.14203863632486,0.0997345545287898,0.829272970558627
"1481",5540,1.14368882219796,0.100659095657197,0.829272970558627
"1482",5541,1.10511792673408,0.302197791286817,0.882487742359328
"1483",5542,1.25861858434265,0.0293323809001489,0.641923446950196
"1484",5543,1.09881388408031,0.280459216444202,0.882487742359328
"1485",5544,1.0071700009464,0.938656480750857,0.990509313951452
"1486",5545,0.991279683254661,0.940247335765293,0.990509313951452
"1487",5546,1.12209677724652,0.191617652413191,0.869361965186374
"1488",5547,1.06334715994378,0.460416608073766,0.885489054831736
"1489",5550,1.16274765521021,0.0613372838685642,0.722772997595578
"1490",5551,1.07701214126525,0.281189353369229,0.882487742359328
"1491",5554,1.10131044269221,0.305468337798689,0.882487742359328
"1492",5555,1.10380395405244,0.293755356842083,0.882487742359328
"1493",5556,1.04282321259649,0.643266780994876,0.912803654841101
"1494",5557,0.939293246978424,0.411012151722852,0.882487742359328
"1495",5559,1.11772665108563,0.14068889967725,0.863187115782878
"1496",5561,1.10136245915049,0.265317145955494,0.882487742359328
"1497",5564,1.11034114964648,0.16453315754072,0.863187115782878
"1498",5566,1.1076255636299,0.168703400621731,0.863187115782878
"1499",5569,1.06870596473783,0.426887336298825,0.882487742359328
"1500",5570,1.02974859808721,0.632400339481016,0.912803654841101
"1501",5571,0.954110492640114,0.646589496856576,0.912803654841101
"1502",5572,1.01708720110123,0.772879128774003,0.946596068742317
"1503",5573,1.02984396029922,0.780227169610322,0.95074374299468
"1504",5577,1.08526742198908,0.252269447224606,0.882487742359328
"1505",5580,1.01296970064957,0.89062265124015,0.985472013887305
"1506",5588,1.3420515936818,0.0455674556043976,0.716061818288615
"1507",5589,1.04598501865465,0.667163890234772,0.918863216069615
"1508",5592,1.11706007205958,0.16853316936801,0.863187115782878
"1509",5601,1.06802880354859,0.438995941939271,0.882487742359328
"1510",5602,1.24615234484037,0.0472305150515942,0.716061818288615
"1511",5603,0.931621070765179,0.575958205083839,0.896727927192228
"1512",5604,1.01119755894747,0.930146157670414,0.990509313951452
"1513",5609,0.977698963799865,0.713002574155532,0.92466074603127
"1514",5636,0.931026605457108,0.489742596745903,0.891692189230185
"1515",5639,0.960772019766562,0.551492355946905,0.89417296087885
"1516",5640,0.927857116248575,0.464190694419541,0.888655968132355
"1517",5641,0.958591325013264,0.535615427712781,0.89417296087885
"1518",5643,0.960741558524434,0.55100208466359,0.89417296087885
"1519",5667,0.986041319185081,0.874704436281778,0.981821765695019
"1520",5679,1.03925904297349,0.705245719946796,0.92439657771459
"1521",5686,1.01578544396609,0.837953932975591,0.960187501107492
"1522",5687,0.945389302844414,0.543112878029227,0.89417296087885
"1523",5688,1.03139524106581,0.796169294274218,0.954989209499361
"1524",5692,1.18305826223294,0.190905865449057,0.869361965186374
"1525",5742,0.92231388894299,0.285646936379396,0.882487742359328
"1526",5744,0.913295661260411,0.249512096219614,0.882487742359328
"1527",5750,0.94332104654857,0.401056020409785,0.882487742359328
"1528",5755,1.02995549791101,0.720352521396848,0.928549342500319
"1529",5758,1.02649687867274,0.749372579456758,0.942351378429095
"1530",5774,0.934970314271886,0.304744780646041,0.882487742359328
"1531",5784,0.949573630346921,0.436322662453172,0.882487742359328
"1532",5790,1.0160620709335,0.832719178943267,0.960187501107492
"1533",5801,1.02522590818628,0.76340129784362,0.942714091811601
"1534",5815,0.983535355809497,0.828636346220918,0.960187501107492
"1535",5835,1.1345231808884,0.197763725248002,0.869361965186374
"1536",5836,1.17253236736256,0.101061129590386,0.829272970558627
"1537",5838,1.014319060959,0.912079864027813,0.990509313951452
"1538",5840,0.991760457133551,0.927731458097477,0.990509313951452
"1539",5851,0.98340799052745,0.837363583676818,0.960187501107492
"1540",5853,1.09609402639995,0.591755548179922,0.896727927192228
"1541",5854,1.1579580040416,0.389028448034257,0.882487742359328
"1542",5873,1.16325606677294,0.143827125163188,0.863187115782878
"1543",5875,1.22626859532496,0.158947767208572,0.863187115782878
"1544",5876,1.22097188398776,0.17024249134125,0.863187115782878
"1545",5910,0.938952873417896,0.366216720956239,0.882487742359328
"1546",5918,0.977382376238325,0.790132341585324,0.952000977819518
"1547",5921,0.950788562580084,0.585028682619469,0.896727927192228
"1548",5922,0.957083588075956,0.643407185996697,0.912803654841101
"1549",5924,0.992993035743202,0.895512943316705,0.985472013887305
"1550",5928,0.951465138454628,0.603562567999177,0.903846179790178
"1551",5930,0.968191873325931,0.710646897381301,0.92466074603127
"1552",5932,0.954842892239758,0.608028538745591,0.903846179790178
"1553",5934,0.87643620597191,0.210118134270123,0.872294512329286
"1554",5936,0.97226482775603,0.750540980181669,0.942351378429095
"1555",5940,0.952551613195081,0.458396341913816,0.883487393517601
"1556",5959,0.966925667770794,0.711121715767811,0.92466074603127
"1557",5966,1.03519277077436,0.710342174343468,0.92466074603127
"1558",5967,1.03048124347618,0.76129695203335,0.942714091811601
"1559",5968,1.03957633493106,0.698622063373127,0.923541822815508
"1560",5970,1.06309496996722,0.703640282981059,0.923927387645988
"1561",5979,1.10233428278679,0.456537976215683,0.882487742359328
"1562",5980,1.08731345563811,0.54855889242964,0.89417296087885
"1563",5984,0.942864076986109,0.480035022700554,0.888655968132355
"1564",5985,1.1118381002486,0.425092076781169,0.882487742359328
"1565",5987,0.939438277691164,0.440047538133843,0.882487742359328
"1566",6002,0.966238570006884,0.575062860834363,0.896727927192228
"1567",6004,1.09550380106715,0.197304347909325,0.869361965186374
"1568",6005,1.09102858141259,0.221940122247833,0.882487742359328
"1569",6025,0.981343515765925,0.780079341334969,0.95074374299468
"1570",6026,1.1064212554524,0.314176444488627,0.882487742359328
"1571",6027,1.10171245071341,0.357045289282484,0.882487742359328
"1572",6033,0.97000681426074,0.617894823875734,0.909181185640176
"1573",6034,0.963047009397652,0.535117349710285,0.89417296087885
"1574",6037,0.963861948526769,0.552069515001349,0.89417296087885
"1575",6057,1.20326563814148,0.118939865316189,0.837857369479801
"1576",6061,0.948323761595038,0.405765880430154,0.882487742359328
"1577",6065,0.973330482362562,0.640148916274983,0.912803654841101
"1578",6066,0.959650530180836,0.506881685313077,0.89417296087885
"1579",6068,0.945311956714505,0.409898277544824,0.882487742359328
"1580",6069,0.89362509436779,0.507084193973289,0.89417296087885
"1581",6075,0.971240893834815,0.641652575579743,0.912803654841101
"1582",6078,1.09069219276421,0.407594282877156,0.882487742359328
"1583",6085,0.998169474464732,0.984049107770631,0.994344621237225
"1584",6098,1.17589429730656,0.107005044705756,0.834284145236993
"1585",6101,1.14503302128519,0.187155035620317,0.869361965186374
"1586",6107,1.069957629824,0.306521058159582,0.882487742359328
"1587",6109,1.1241088188778,0.308317205792667,0.882487742359328
"1588",6117,1.13765263530076,0.223042469146745,0.882487742359328
"1589",6118,0.914887875753568,0.557309312558906,0.89501175298376
"1590",6119,1.14185297981115,0.206139407085998,0.872294512329286
"1591",6120,1.12198964625344,0.241978950914006,0.882487742359328
"1592",6121,1.11155335921085,0.289672041144161,0.882487742359328
"1593",6136,1.1396253643337,0.196404165047283,0.869361965186374
"1594",6137,1.13962158713142,0.195219008843427,0.869361965186374
"1595",6155,1.14465423897072,0.170346071753697,0.863187115782878
"1596",6176,1.02804114751921,0.740521342730513,0.939872159607995
"1597",6185,1.16321148158544,0.113886543372507,0.837857369479801
"1598",6193,1.15642660083309,0.171573415825307,0.863187115782878
"1599",6198,0.959761698380784,0.5250170882375,0.89417296087885
"1600",6215,1.02050594953275,0.923225061075892,0.990509313951452
"1601",6217,0.939852392762054,0.421911585901578,0.882487742359328
"1602",6218,1.0752725922643,0.47896320830846,0.888655968132355
"1603",6223,1.00922765508829,0.931039476970353,0.990509313951452
"1604",6226,1.04518425667969,0.679298366543938,0.920938176751884
"1605",6228,0.960039462822763,0.546012796849004,0.89417296087885
"1606",6229,1.11453724830101,0.312977902434034,0.882487742359328
"1607",6232,1.0821952550141,0.466129054791965,0.888655968132355
"1608",6246,0.945600142565498,0.591773618796361,0.896727927192228
"1609",6275,0.946464542259709,0.438877668925996,0.882487742359328
"1610",6292,1.04681308463548,0.559645088927081,0.89501175298376
"1611",6317,0.966795683274192,0.640831742400129,0.912803654841101
"1612",6340,0.949689364650498,0.433251372080865,0.882487742359328
"1613",6359,0.946308922145644,0.550737033416376,0.89417296087885
"1614",6373,0.947824036474712,0.473936083637402,0.888655968132355
"1615",6374,0.885272896895486,0.224292651955759,0.882487742359328
"1616",6376,0.902438177094856,0.13414617141313,0.863187115782878
"1617",6381,0.974120185833729,0.712984833672025,0.92466074603127
"1618",6383,0.970477444146185,0.63718509420442,0.912803654841101
"1619",6386,1.13705148005222,0.0842930323599927,0.803030750772879
"1620",6390,0.971952432643969,0.654424522255086,0.917168722757335
"1621",6391,1.0099537391107,0.884409929427962,0.983762170507927
"1622",6393,1.00312128441769,0.961549498429778,0.993837556267058
"1623",6397,0.982889626696075,0.849853210137188,0.967216342730331
"1624",6398,0.948495909799651,0.424237350649761,0.882487742359328
"1625",6401,0.991293048925916,0.889927494492054,0.985472013887305
"1626",6406,1.00655389530472,0.921457541986257,0.990509313951452
"1627",6408,1.30020922262765,0.341060768906061,0.882487742359328
"1628",6409,1.27025504716762,0.389422420412695,0.882487742359328
"1629",6413,0.852661807589488,0.641925661925392,0.912803654841101
"1630",6414,0.992944454736674,0.912517564022863,0.990509313951452
"1631",6415,0.842337728838395,0.615971082827684,0.907772285986838
"1632",6420,1.00167181200298,0.979488014737339,0.994344621237225
"1633",6423,0.980582386636727,0.7598443175441,0.942714091811601
"1634",6428,0.98433972641348,0.817146181778421,0.960187501107492
"1635",6429,1.00495223979824,0.942285296627206,0.990509313951452
"1636",6430,1.00859498548336,0.954770839180964,0.993307351418544
"1637",6431,0.974691899303499,0.755716650751948,0.942714091811601
"1638",6432,0.989291797615572,0.869791736384222,0.979819348121076
"1639",6434,0.997216594014076,0.979822150478011,0.994344621237225
"1640",6435,0.969519331938462,0.628991129611758,0.912803654841101
"1641",6437,0.9732287436563,0.772378036944727,0.946596068742317
"1642",6438,1.05178718399231,0.622745740156162,0.912803654841101
"1643",6444,0.991672584965995,0.941099822646642,0.990509313951452
"1644",6445,0.979737327768945,0.740134023588855,0.939872159607995
"1645",6451,0.977011869185748,0.702592073694089,0.923927387645988
"1646",6468,0.976115325566368,0.678363900890232,0.920938176751884
"1647",6483,0.94527255341227,0.703237024922296,0.923927387645988
"1648",6484,0.935050402642034,0.44052461799487,0.882487742359328
"1649",6485,0.953707064701618,0.578226506111747,0.896727927192228
"1650",6488,0.936733918314112,0.455918676949376,0.882487742359328
"1651",6492,0.936559796206178,0.44999969053478,0.882487742359328
"1652",6494,0.952669479006141,0.454956375736937,0.882487742359328
"1653",6508,0.928417233975618,0.44613749355028,0.882487742359328
"1654",6516,0.92439458644634,0.360175793435493,0.882487742359328
"1655",6521,0.959370153559538,0.504707517048795,0.89417296087885
"1656",6524,0.923786400624376,0.54733587816359,0.89417296087885
"1657",6529,0.923706717632601,0.31565584792081,0.882487742359328
"1658",6536,0.967913095974537,0.614031824655944,0.906336055403393
"1659",6542,0.934713980898119,0.36815239291454,0.882487742359328
"1660",6550,0.932520058373679,0.36237624693651,0.882487742359328
"1661",6558,0.699609450344146,0.185105686778873,0.869361965186374
"1662",6560,0.718404190047022,0.2099240579645,0.872294512329286
"1663",6574,1.24112223756398,0.440250450987528,0.882487742359328
"1664",6593,1.3076027822905,0.294999491177201,0.882487742359328
"1665",6594,1.24949375899531,0.396906182874614,0.882487742359328
"1666",6602,0.97966356009734,0.783158684578061,0.951947901600712
"1667",6614,0.943029814441366,0.503894818451518,0.89417296087885
"1668",6624,0.947674785489903,0.422321534404836,0.882487742359328
"1669",6627,0.905311886800842,0.348877021782117,0.882487742359328
"1670",6629,1.24519374223447,0.404962198328946,0.882487742359328
"1671",6630,0.920581060249442,0.358428693065079,0.882487742359328
"1672",6642,0.948398787506626,0.425680546044162,0.882487742359328
"1673",6645,1.04364897522743,0.642168376348738,0.912803654841101
"1674",6646,1.17931312914041,0.0484123102446387,0.716061818288615
"1675",6647,1.05575600880896,0.55948644841502,0.89501175298376
"1676",6650,0.699465843702821,0.167877689862331,0.863187115782878
"1677",6652,0.683372831194388,0.152659756174889,0.863187115782878
"1678",6655,0.922025076086967,0.430077877661872,0.882487742359328
"1679",6656,0.95004560127752,0.478232949852543,0.888655968132355
"1680",6657,0.744920449484231,0.218899925057014,0.882487742359328
"1681",6662,1.16695807760445,0.147225946392221,0.863187115782878
"1682",6666,1.27619495859834,0.0340135957237378,0.674294119553004
"1683",6670,1.08000713445034,0.497248104349112,0.893815179750811
"1684",6685,1.17650619646381,0.130016003447821,0.863187115782878
"1685",6687,1.17638744803222,0.243730131469386,0.882487742359328
"1686",6692,1.20636905652398,0.0689291949209046,0.736986430325333
"1687",6693,1.21725748845798,0.0806835473658911,0.797917818423733
"1688",6694,1.2484884128916,0.0389339715881725,0.71026148169103
"1689",6696,1.14613127682855,0.176307527416937,0.867229958158178
"1690",6697,1.20143151709493,0.0989241849476002,0.829272970558627
"1691",6700,1.16302021752362,0.177758104634713,0.869361965186374
"1692",6705,1.03247582714079,0.828839502177593,0.960187501107492
"1693",6715,1.18855605946374,0.0461437221945078,0.716061818288615
"1694",6716,1.2590177981061,0.0478522071647302,0.716061818288615
"1695",6718,0.937849436281927,0.522066225664921,0.89417296087885
"1696",6720,0.972134770221213,0.803949027298692,0.959733305142467
"1697",6722,1.27692171868917,0.0436660225861166,0.716061818288615
"1698",6724,1.01719523826377,0.871904871422945,0.980879305893005
"1699",6725,1.20266469081014,0.105535561315455,0.829272970558627
"1700",6726,1.00550989625007,0.959944255881552,0.993793529918147
"1701",6729,1.2129457228943,0.0894839322305921,0.808366868563858
"1702",6732,1.06874880981111,0.540867015270219,0.89417296087885
"1703",6735,1.20652274394578,0.084152017586442,0.803030750772879
"1704",6741,1.32881554367408,0.0264590107579801,0.637390784798008
"1705",6742,1.13107765653448,0.31332541184587,0.882487742359328
"1706",6744,0.9653849067729,0.564443282217007,0.89501175298376
"1707",6745,0.936880030546855,0.437874579694344,0.882487742359328
"1708",6746,0.938296758912592,0.437460534224405,0.882487742359328
"1709",6747,0.964276896995433,0.550287245292414,0.89417296087885
"1710",6753,0.931625086701487,0.452620667436901,0.882487742359328
"1711",6760,0.947948036262802,0.449768952223544,0.882487742359328
"1712",6767,1.02417890709616,0.818433766361386,0.960187501107492
"1713",6773,0.948888981976308,0.429007776761776,0.882487742359328
"1714",6779,1.08207409313278,0.474567745488281,0.888655968132355
"1715",6784,1.19590614305095,0.131461625334512,0.863187115782878
"1716",6789,1.38718351136942,0.0134427561522887,0.576149123449938
"1717",6794,1.18361343671338,0.293350307447239,0.882487742359328
"1718",6810,1.06979954985298,0.69017387829733,0.921520824558453
"1719",6811,1.03713933319764,0.8259979613152,0.960187501107492
"1720",6812,0.886191900233897,0.224606973646567,0.882487742359328
"1721",6819,1.06564240200898,0.519530824237766,0.89417296087885
"1722",6820,1.01863956232468,0.866075658593757,0.976804419266308
"1723",6821,1.11786940941409,0.337187216997179,0.882487742359328
"1724",6822,0.931905236604178,0.366803709230985,0.882487742359328
"1725",6823,0.905311886800842,0.348877021782117,0.882487742359328
"1726",6825,0.964101691411511,0.654179704728948,0.917168722757335
"1727",6826,0.964852245850307,0.670177942684727,0.919345379905611
"1728",6828,1.00230111437113,0.991205938070277,0.998111445677412
"1729",6833,1.00298781762239,0.980393291730496,0.994344621237225
"1730",6846,0.969785560558778,0.628031971879573,0.912803654841101
"1731",6847,1.00594773792345,0.943060039877304,0.990509313951452
"1732",6849,1.01381459607949,0.913868883174219,0.990509313951452
"1733",6856,0.864673427033967,0.111113112918362,0.837857369479801
"1734",6865,0.976191792304486,0.827725126146809,0.960187501107492
"1735",6871,0.980102671576997,0.82026682056357,0.960187501107492
"1736",6885,0.984583719395413,0.815813537976796,0.960187501107492
"1737",6888,0.918919941154992,0.309603117057923,0.882487742359328
"1738",6890,0.863680512607464,0.193765022586248,0.869361965186374
"1739",6892,0.813629792552623,0.162677359032073,0.863187115782878
"1740",6893,0.992974817316318,0.955412076578685,0.993307351418544
"1741",6894,1.00374319525406,0.976102631301693,0.994344621237225
"1742",6897,0.820552224283498,0.168784468565823,0.863187115782878
"1743",6900,1.2191613236815,0.502016094656002,0.89417296087885
"1744",6906,1.05777264230568,0.638879859368934,0.912803654841101
"1745",6909,0.898808355499547,0.204252761055855,0.872294512329286
"1746",6921,0.991918951949921,0.930314422052085,0.990509313951452
"1747",6922,0.993665873559767,0.957829327459171,0.993307351418544
"1748",6923,0.990693382901615,0.938392496243307,0.990509313951452
"1749",6929,1.11410586425292,0.3991487352588,0.882487742359328
"1750",6938,1.18031905616131,0.14827862109618,0.863187115782878
"1751",6965,1.12618698553652,0.484502537264399,0.890608022555164
"1752",6966,1.22474850820418,0.21471287573379,0.875152914324929
"1753",6967,1.14553663084426,0.392787973430769,0.882487742359328
"1754",6969,1.17123830233395,0.382719838248343,0.882487742359328
"1755",6970,1.13610811009358,0.407706106852043,0.882487742359328
"1756",6971,0.874148434280215,0.258710707562671,0.882487742359328
"1757",6976,1.04326983563916,0.713131587648985,0.92466074603127
"1758",6980,0.989512673599057,0.941993062723768,0.990509313951452
"1759",6984,1.12397396325743,0.391974836565252,0.882487742359328
"1760",6985,1.11846006367963,0.373696799556103,0.882487742359328
"1761",6992,1.0157744868744,0.91840982650622,0.990509313951452
"1762",6998,1.0826105816796,0.510836496708408,0.89417296087885
"1763",7000,0.993866780140045,0.940993551379219,0.990509313951452
"1764",7003,1.09114673302301,0.630392428688169,0.912803654841101
"1765",7004,0.974732185350507,0.750295154868685,0.942351378429095
"1766",7005,1.07095045476732,0.678672765172333,0.920938176751884
"1767",7008,0.932824653996324,0.561968268871639,0.89501175298376
"1768",7009,1.19361182298487,0.312282008724949,0.882487742359328
"1769",7012,1.22135448918392,0.199149678180356,0.869361965186374
"1770",7014,1.18038842837135,0.308241950565875,0.882487742359328
"1771",7015,1.01754096475679,0.896837223920858,0.985472013887305
"1772",7017,1.05226551050334,0.69743501327843,0.923541822815508
"1773",7019,0.973577652307839,0.834584876382984,0.960187501107492
"1774",7021,1.03875594525496,0.827433761450276,0.960187501107492
"1775",7022,1.11871813129775,0.312847288343529,0.882487742359328
"1776",7023,1.11153332677941,0.287641896379378,0.882487742359328
"1777",7028,1.18094024956123,0.1239286420966,0.837857369479801
"1778",7038,1.00091315862087,0.99463458675541,0.998881550861439
"1779",7055,0.910341860741961,0.437432748362516,0.882487742359328
"1780",7056,0.920357855762779,0.479422933426113,0.888655968132355
"1781",7058,0.90601909058852,0.488677786688663,0.891481127366989
"1782",7061,0.940669798450133,0.652524609239906,0.917168722757335
"1783",7069,1.04005485433311,0.676989136229191,0.920938176751884
"1784",7077,1.11069965813407,0.33664593537948,0.882487742359328
"1785",7078,1.16250869121915,0.354279030656846,0.882487742359328
"1786",7090,0.968462740065777,0.72781390636977,0.930947808079508
"1787",7097,1.20455425304846,0.185944454046447,0.869361965186374
"1788",7101,1.23974165272347,0.0954984572315823,0.826136860371351
"1789",7106,1.01891665783596,0.811952879755857,0.960187501107492
"1790",7110,1.21863080458639,0.329427932723503,0.882487742359328
"1791",7112,1.05796600341214,0.570369070633997,0.896727927192228
"1792",7114,1.25024212200619,0.206123286361053,0.872294512329286
"1793",7115,1.17238980720526,0.26356358038386,0.882487742359328
"1794",7116,1.23507681537611,0.201231205319002,0.869361965186374
"1795",7117,1.24159338321656,0.186513120442744,0.869361965186374
"1796",7120,1.22045163713965,0.209249000194513,0.872294512329286
"1797",7121,1.20916032278802,0.23606368353618,0.882487742359328
"1798",7122,1.26818832406419,0.114925774752409,0.837857369479801
"1799",7133,1.07510398102161,0.475427326384555,0.888655968132355
"1800",7138,1.09549955744871,0.346487839947476,0.882487742359328
"1801",7139,0.956495798311097,0.493610794354125,0.893815179750811
"1802",7146,1.11972857301627,0.210134645441008,0.872294512329286
"1803",7147,1.09730469617736,0.303213284543837,0.882487742359328
"1804",7149,1.10188882839084,0.44194875534748,0.882487742359328
"1805",7154,1.10860921365771,0.385860516309276,0.882487742359328
"1806",7156,1.11302363249402,0.279372541388797,0.882487742359328
"1807",7165,1.1215444637473,0.418731240926177,0.882487742359328
"1808",7176,1.07912787000273,0.444651758773141,0.882487742359328
"1809",7177,1.02411109563121,0.887748521096736,0.984698625230677
"1810",7182,0.945448800886229,0.487710411563118,0.890608022555164
"1811",7187,1.10076910318431,0.586967448547325,0.896727927192228
"1812",7191,1.07559210278972,0.682466502440771,0.920938176751884
"1813",7192,0.961860683043872,0.558038908515518,0.89501175298376
"1814",7198,0.984505542699382,0.877823245315587,0.982388253691476
"1815",7199,0.957731397337662,0.49678545091241,0.893815179750811
"1816",7200,0.958636569861873,0.507713631871911,0.89417296087885
"1817",7202,0.9653849067729,0.564443282217007,0.89501175298376
"1818",7203,0.96105319825734,0.532010296489666,0.89417296087885
"1819",7204,0.95849583298421,0.50456353661561,0.89417296087885
"1820",7205,1.40685945913366,0.0461183442508776,0.716061818288615
"1821",7206,0.958287543314098,0.49703372818669,0.893815179750811
"1822",7207,0.964276896995433,0.550287245292414,0.89417296087885
"1823",7212,1.00686921083804,0.921124486642813,0.990509313951452
"1824",7228,1.09017241588529,0.545397362161093,0.89417296087885
"1825",7232,1.0229147579156,0.848779816207762,0.967216342730331
"1826",7249,1.04263156512006,0.824875414521763,0.960187501107492
"1827",7250,0.891303841524168,0.400363009164912,0.882487742359328
"1828",7257,1.11206010024047,0.171884289906329,0.863187115782878
"1829",7293,1.18094024956123,0.1239286420966,0.837857369479801
"1830",7331,0.847434228886499,0.201916122068726,0.869400836883166
"1831",7332,1.01605390515455,0.884367937379851,0.983762170507927
"1832",7340,1.17752541157863,0.146771157925933,0.863187115782878
"1833",7344,0.986703764867491,0.911651452020676,0.990509313951452
"1834",7345,0.983215645431866,0.814050567286081,0.960187501107492
"1835",7347,0.966749683287615,0.568566449935642,0.896255335091503
"1836",7356,0.972632991296266,0.783212231964139,0.951947901600712
"1837",7357,1.13450933537216,0.237233601664063,0.882487742359328
"1838",7358,0.920195354935227,0.478496322616028,0.888655968132355
"1839",7360,1.00606590670567,0.958417364620447,0.993307351418544
"1840",7363,0.900935533044526,0.263532700500368,0.882487742359328
"1841",7364,0.797097129379152,0.064649566849555,0.732027505704201
"1842",7366,0.908830503281434,0.521845730298638,0.89417296087885
"1843",7367,0.957291502501239,0.70628860052274,0.92439657771459
"1844",7369,0.896242474057122,0.26228515145763,0.882487742359328
"1845",7370,0.908030498640281,0.502380253681871,0.89417296087885
"1846",7371,0.895749885006456,0.443184284673421,0.882487742359328
"1847",7372,0.926555274360924,0.663702555716773,0.917168722757335
"1848",7375,1.0078832805708,0.959578317550766,0.993793529918147
"1849",7376,1.06633049417769,0.600978037493628,0.903390185960422
"1850",7378,0.902678582600009,0.549852880414604,0.89417296087885
"1851",7379,0.961221958913538,0.610320444926331,0.903846179790178
"1852",7380,0.951879987560431,0.660447270658292,0.917168722757335
"1853",7381,1.09440105062949,0.332260018699762,0.882487742359328
"1854",7384,0.971026854901492,0.705066328022101,0.92439657771459
"1855",7387,1.00946584242303,0.937833819103213,0.990509313951452
"1856",7396,1.01456043755259,0.838056147853266,0.960187501107492
"1857",7414,0.952655853707525,0.686525646167834,0.921415492249543
"1858",7424,1.0972028419299,0.330302597319848,0.882487742359328
"1859",7428,1.05327808831701,0.544523498548455,0.89417296087885
"1860",7441,1.04712865819845,0.54035592260952,0.89417296087885
"1861",7449,1.08892295335156,0.348829185464426,0.882487742359328
"1862",7450,1.10098915243825,0.326819986603478,0.882487742359328
"1863",7454,1.08828247373554,0.36364001488693,0.882487742359328
"1864",7470,1.22500166145354,0.0123844256698952,0.554055615088884
"1865",7472,0.946618704925709,0.558795457694143,0.89501175298376
"1866",7476,1.08921237338574,0.372972153385879,0.882487742359328
"1867",7484,1.11651521802043,0.392641645987006,0.882487742359328
"1868",7485,1.06606364740826,0.450240300637114,0.882487742359328
"1869",7498,1.05180531105063,0.810997302578199,0.960187501107492
"1870",7519,1.26541117578392,0.0106107321587347,0.51121963400673
"1871",7541,1.0827198573772,0.406390838317911,0.882487742359328
"1872",7547,1.21690230572427,0.0427718514848234,0.716061818288615
"1873",7573,1.11429964737228,0.197995521573888,0.869361965186374
"1874",7575,1.09645867775857,0.27013277318207,0.882487742359328
"1875",7581,1.12508202637644,0.465946522115335,0.888655968132355
"1876",8252,1.64153993034887,0.0463844013667103,0.716061818288615
"1877",8268,0.882585368002795,0.544499392395256,0.89417296087885
"1878",8272,0.94984100468458,0.572418827957216,0.896727927192228
"1879",8274,0.954412804901983,0.606834330867332,0.903846179790178
